   14.5312052       4.83280706    
   6.58905077       19.2411156    
   4.85440874       17.6633606    
   18.8337364       17.7395744    
   5.37964487       14.6784754    
   14.8045635       1.11569393    
   5.66519880       9.50989437    
   7.35792351       17.7809124    
   12.4764757     -0.261575848    
   19.0005798       18.1080303    
   4.66401815       8.44901657    
   19.6654797       2.53066349    
   3.58683538       1.44006395    
   13.2713833       1.38958824    
   13.9951458       16.0915298    
   7.56202650       9.22367668    
   2.28912902       4.40952969    
   8.03833771       11.7477074    
   8.84087276       10.6008511    
   19.4519386       14.0648184    
   3.83878255       14.7257929    
   7.82994509       4.99550676    
   19.6520119       2.73627210    
   3.64050174       9.71425438    
   16.2738342       3.30380988    
   2.91914344       12.9716110    
   5.56305695       3.30261278    
   7.69778347       2.55466056    
   16.4144306       13.9124422    
   12.9643478       9.91712761    
   6.52544737       9.77335930    
   3.30173063       2.88001299    
   10.5945940       15.0835047    
   11.6811361       18.3237801    
   13.2446194       14.5497255    
   4.27352619      0.362355620    
 -0.927978218       6.67088652    
   7.07092190       9.61548901    
   20.6467037      -1.36875236    
   15.2071028       9.47536469    
   18.3431740       12.0868034    
   15.1211519       2.19071150    
   5.74097633       8.74854946    
   14.2226286       15.9177237    
   10.8673716       15.2192144    
   12.1446743       19.4051075    
   2.03401136       6.67377424    
   6.20461559       8.16042423    
   6.38858128       14.8615751    
   9.40950012       4.15932655    
   13.6446009       2.10780096    
   17.2879353       18.0117702    
   16.4530849       12.9599943    
   13.6777115       20.0494919    
   15.2407675       7.24598455    
   8.66767406       5.24933004    
   20.0454865       14.6846161    
   12.5062389       9.23742771    
   20.4026699       11.5081797    
   16.5760193       17.0679913    
   19.5300541       18.4844303    
 -0.203596503       11.7584620    
   10.2076387       6.93712664    
   15.2934036       13.4140024    
   9.65280533       16.7670975    
   2.95733380      0.706826568    
   8.39854813       20.4014187    
   5.34200001       12.3253183    
   14.2822638       19.0205803    
   3.63536119     -0.831844926    
   1.79336929       3.84836531    
 -0.542839348       10.4998589    
   11.4989529       9.17752838    
   18.7820644       3.03582239    
   1.98407400       3.76722980    
   9.20660400       16.7946033    
   13.6233091       5.97810698    
   17.1915207       7.61484241    
   14.0985346       15.6371098    
   14.7499542       7.52334404    
   16.4501743       10.4738598    
   15.7296190      0.786297858    
   10.9987688       1.41838419    
   18.4013729       1.01856625    
   9.36977863       17.0716915    
   14.9279690       7.52289867    
   16.8564491       8.31060791    
   13.0916357       5.42051983    
   6.28296804       16.3968430    
   13.2061615       11.7396927    
   5.06980896       14.1708632    
   12.4980593       1.83647966    
   18.4050293      -1.56024265    
   5.27432251       2.13824916    
   10.4473000       9.04166031    
   6.64161587       5.16039038    
   16.1290455       18.7945976    
   14.3968229       23.1656036    
   9.20349789      -6.53738678E-02
   10.5796986       6.04660034    
