   15.2390032       4.08384514    
   7.01262188       18.8796921    
   5.60935402       16.8635941    
   18.9810677       18.0775833    
   4.39645720       15.1909857    
   15.1069689      0.785943985    
   5.65657949       8.06638336    
   5.93316889       18.1893692    
   12.3848886     -0.627924919    
   19.6887970       16.4496269    
   3.97017646       9.38329983    
   19.3923016       3.57308626    
   4.35782814       2.07610750    
   14.4752455       2.65772843    
   14.7588568       16.4803619    
   8.76993942       8.30293655    
   1.75732446       4.19258595    
   8.71694851       12.5066872    
   7.01617146       11.4584818    
   19.0194702       14.4143515    
   4.41343117       15.3475332    
   7.87107325       5.30383968    
   19.6055088       2.76594567    
   3.56990671       9.40605640    
   15.5671558       3.45667100    
   2.03804135       13.8031788    
   6.20522165       1.66077030    
   7.74454784       4.07552195    
   16.3371773       15.2416229    
   11.3123484       9.69164753    
   6.16092920       9.32057476    
   4.29164791       3.80550218    
   10.8818245       14.0410328    
   12.4666357       17.5887222    
   13.2978926       13.7996111    
   3.73142886     -0.702898145    
  -1.88476765       7.86382103    
   5.78869009       8.40802002    
   20.6976585      -2.06907058    
   16.1648026       9.98320580    
   19.0096817       12.5880222    
   15.2541075       3.13248491    
   5.96281195       8.31372833    
   14.5636196       15.5938158    
   12.2718182       15.8518534    
   11.2509327       20.5599976    
   3.12287760       7.07171202    
   6.51539183       9.96160221    
   7.88229895       15.2283573    
   8.80625534       4.16526699    
   13.3420134       2.43088627    
   18.4112263       18.8076935    
   16.1239452       13.1809521    
   13.1035166       18.4813061    
   16.8678589       8.15900040    
   8.37283802       5.77745485    
   20.1081848       14.4598560    
   13.1679840       9.24200821    
   20.7319069       10.5575104    
   16.7100201       18.4301338    
   19.4615574       19.2595959    
  0.523564398       12.2903929    
   10.5385218       7.24191093    
   16.5686302       13.2540312    
   9.65443325       16.2176628    
   2.38841343       1.60386670    
   10.0539560       19.7537212    
   5.96956444       12.4058456    
   12.4044218       19.3798065    
   4.75285864     -0.934229076    
   2.18237877       5.71563005    
  -1.10300982       11.4341097    
   9.91054535       9.97700691    
   18.4808559       3.91147041    
   2.36448503       3.67942476    
   9.27948284       16.8511906    
   14.0742483       6.24326897    
   14.4604130       7.66849184    
   14.3882990       16.8184776    
   14.8548841       7.80471039    
   17.4992599       11.5542860    
   15.0173712      0.490576059    
   10.0799503      0.703428447    
   17.8049164       1.41276431    
   9.56129837       17.2888794    
   15.6282940       5.89532423    
   17.4462128       9.62086010    
   13.8024197       5.13068056    
   7.44598532       17.3854256    
   12.5448952       11.6229820    
   5.82636118       14.5847721    
   12.3441172       2.68151283    
   18.7256145     -0.701186359    
   5.93039274       2.23685932    
   11.7776423       10.2933140    
   7.73591375       5.84368849    
   15.8051386       19.4260120    
   17.2254543       24.0917282    
   9.53831196      -1.76719451    
   9.99237633       5.73157692    
