   15.1505394       3.25626326    
   6.96433926       19.5256176    
   4.51087427       17.8872700    
   19.3490505       19.0527363    
   5.24572611       16.2865753    
   15.8865747     -0.215122044    
   6.12255192       9.40775108    
   4.22410250       19.0526180    
   10.8172560      0.431848288    
   20.1781616       16.4272175    
   2.94649148       9.52224636    
   19.0927868       1.98050284    
   5.51328468       2.11239004    
   14.8530340       2.24683499    
   14.1284389       17.6268330    
   7.42180157       8.19574261    
   2.33848405       5.43916273    
   10.5187254       11.7937098    
   8.82384205       10.5282841    
   17.8619099       15.2559414    
   2.68086123       15.8480711    
   9.40670013       5.03546715    
   18.5570736       2.94330311    
   3.66702747       9.91745949    
   15.6225986       3.16330242    
   1.21445477       15.3548946    
   6.33209276       2.60016441    
   8.79049015       4.32604694    
   16.4681225       15.5768652    
   11.3181973       8.92509174    
   6.03176689       8.73965836    
   4.30190134       4.78926849    
   9.81557941       15.2003212    
   12.5521650       18.1291122    
   14.1265860       13.8165274    
   3.47304296     -0.418673605    
  -2.77102494       9.49213314    
   4.93725634       8.27789974    
   20.9074039     -0.404951543    
   16.0658131       9.53662109    
   19.5626431       12.8059616    
   14.4194002       2.70136762    
   6.37291527       7.66497803    
   14.5623922       14.6472464    
   13.9124384       15.1402674    
   10.9070854       20.8965435    
   2.64121962       7.40829706    
   6.17330027       8.89579201    
   8.95013142       16.8832684    
   6.63871098       3.59484744    
   13.4613514       3.17318606    
   19.5660534       19.0027065    
   15.6473818       13.8411646    
   12.6726789       19.0305367    
   16.4203720       9.43212986    
   9.05964375       7.24820900    
   19.5931759       15.1009350    
   13.4343214       8.01907539    
   20.4347401       11.5385113    
   15.5006771       19.2585888    
   20.6638813       17.7073479    
   2.01782560       11.8707104    
   10.3027020       7.57329607    
   18.3794708       11.9220104    
   9.98369122       15.7370501    
   1.83097792       1.70060670    
   10.7461109       18.6238174    
   5.63194370       13.5391130    
   12.5684042       17.9458752    
   3.69678259     -0.352961421    
   2.99687290       6.91069651    
 -0.430858403       11.4176655    
   8.69987869       11.3357477    
   18.7705326       4.04560375    
   2.14143848       3.96774316    
   9.24253559       16.0900326    
   14.2414503       6.74390411    
   14.0499048       7.01356792    
   15.6819286       15.9550438    
   14.4544935       7.81774426    
   17.4489117       11.5920181    
   14.5360126     -0.902448177    
   11.4895229       2.16774464    
   17.3688698       1.19751251    
   8.87856865       17.1215935    
   16.4477425       4.84852219    
   17.2625122       8.85171890    
   14.2537270       5.18563938    
   8.28284168       17.4665546    
   10.9632788       12.5080462    
   6.40794945       14.7424116    
   14.8054199       2.82801461    
   20.3390388      -1.49515307    
   5.39310741       1.33408284    
   11.8634624       9.10808849    
   8.12594318       5.97413254    
   16.1322994       19.5894871    
   17.1745853       24.8939629    
   9.58946037      -2.69667196    
   10.4977570       6.12644339    
