   12.7873621       4.63818312    
   8.10943317       19.4713116    
   4.98401976       17.9529896    
   19.1183701       17.1170082    
   4.80482531       14.2447624    
   15.5013704       2.31577516    
   5.38669252       10.1422682    
   5.25866079       18.5138378    
   12.1577320       1.59758013E-02
   18.4092541       18.4239864    
   3.58499789       9.55683136    
   19.9043427       3.36131263    
   4.84826183       1.19724059    
   13.7027035      0.388559401    
   15.0727863       15.4306288    
   7.04013252       8.38974190    
   2.37774873       3.79461670    
   8.61237907       11.8010759    
   8.01882839       11.8561993    
   20.5743618       13.9101772    
   4.04257202       14.8051090    
   7.19565630       5.07982922    
   17.5763779       2.57202697    
   3.88216591       11.6126261    
   16.9210892       2.09267473    
   2.68271065       13.0898361    
   5.89145088       4.51077604    
   7.41103029       3.28341269    
   16.4459286       14.3363438    
   13.5129585       12.0945158    
   8.00581932       10.6880188    
   2.61176896       2.18967986    
   9.83764076       16.5654964    
   11.7446651       16.1609802    
   14.8209124       13.9465170    
   4.05637407     -0.531557858    
  0.889543474       5.79784441    
   7.33658218       9.49254990    
   20.7447472      -1.44661331    
   13.5408936       7.75463772    
   18.8621178       12.9736605    
   14.7842293     -0.113436341    
   5.17088699       10.2670002    
   14.0786867       14.7108879    
   9.15687561       14.5142574    
   12.5104065       19.4307861    
   2.05987000       8.19427967    
   6.95309639       8.91895580    
   7.25364017       16.0168381    
   11.5555115       4.90148640    
   14.8668966       2.90920734    
   19.1399651       18.3482513    
   16.0985546       12.8194189    
   12.8179522       18.7727585    
   14.8166437       8.09937191    
   9.60287952       3.36571169    
   19.0984116       15.4604473    
   11.1750498       8.95247746    
   19.1666622       12.5321980    
   15.2602320       18.5243721    
   18.2574940       17.7576885    
  0.738099337       11.7192030    
   10.3282375       5.54314852    
   13.7152433       12.6417294    
   11.4808054       16.1875877    
   2.56056809      0.327191710    
   7.47117615       19.5656586    
   4.21609831       12.1242542    
   16.1301479       20.3607368    
   3.15905237      0.558182180    
   1.62619364       4.32351065    
 -0.531049311       9.62929058    
   10.6711283       9.56198215    
   18.7011375       3.09551501    
   1.71050537       3.37520242    
   9.10190105       16.8789768    
   13.3565817       6.95390749    
   18.1994724       8.36078453    
   13.5725918       16.0163593    
   15.4648848       8.06689739    
   17.2368069       8.95004940    
   17.0559673       1.96251631    
   9.38192654      0.193216234    
   18.1838875      0.270730108    
   9.77549553       15.2630606    
   14.7702665       8.94467735    
   17.3347244       8.32942963    
   14.0487671       5.16090679    
   6.75343227       16.3826542    
   11.8429785       11.4974442    
   6.65366507       13.2988262    
   13.3360729       4.10740185    
   17.3174305     -0.713448524    
   6.39708757       2.79246545    
   10.1004658       8.93511963    
   2.51039052       5.71217108    
   16.4294262       16.7046871    
   14.4835196       21.5065880    
   8.16946220     -0.509822965    
   9.10859966       7.78109646    
