   14.7843666       4.29712200    
   6.55091667       19.1158028    
   5.23730946       17.2717838    
   19.1952553       18.1496296    
   4.80054998       15.1795177    
   15.2415142       1.14399612    
   5.83439350       8.52296352    
   6.11288118       17.5324211    
   12.5742683     -0.302254885    
   19.5467834       16.6005116    
   4.02951860       9.33765316    
   19.2476788       3.46369052    
   4.70353556       1.91089845    
   14.4573765       2.01390839    
   14.6572943       15.9079103    
   8.82224464       8.50038719    
   1.42525327       3.78044009    
   9.20449638       12.3362427    
   7.86762190       11.9514217    
   19.1894054       13.5852194    
   4.26311684       14.7662868    
   8.51167297       5.44585085    
   19.0379410       2.24772596    
   3.81155944       9.39940166    
   15.6361237       3.54439974    
   1.80340719       13.5124588    
   6.18194199       1.83928680    
   8.19369411       4.08912945    
   16.9554996       15.0808630    
   12.0439253       9.96068096    
   6.74345636       9.72468376    
   4.04233789       3.67364526    
   10.9757109       14.5334091    
   12.1965113       18.0076523    
   13.2556810       13.4633112    
   3.97733855     -0.157217309    
  -1.64407754       7.51911640    
   5.83433819       8.61662674    
   20.1296787      -1.34975374    
   15.7828007       9.91161919    
   18.9239807       12.8458519    
   15.2650719       3.31232882    
   5.71729279       8.17603397    
   14.6434679       15.9808817    
   12.0311308       16.2664909    
   10.9430084       20.2930946    
   2.71407962       7.12465811    
   6.83939457       9.03863621    
   7.50706148       15.0409098    
   8.57017326       3.79096460    
   13.5521212       2.62640667    
   17.9360695       18.8808727    
   16.0430222       12.2873573    
   13.5636778       18.8142166    
   16.4798183       7.66045570    
   8.64674377       5.28329706    
   20.1083088       13.9832630    
   13.4047575       8.93761730    
   20.2269020       11.2261724    
   16.4386501       18.1979561    
   19.7098713       18.8722401    
  0.313802958       12.9257860    
   10.1662054       6.76340103    
   16.1507969       13.4866762    
   9.66617203       16.0016956    
   2.42554331       2.04702163    
   9.73754501       20.2817841    
   6.24550247       12.2223167    
   12.7324362       19.3225403    
   4.75984859     -0.555694342    
   1.72384202       5.89048672    
  -1.18699098       11.6679878    
   10.0687494       10.1882801    
   18.5807762       3.61779428    
   2.53364825       4.24153471    
   8.93589497       16.5894394    
   13.6263247       6.40474129    
   15.0263090       7.72157907    
   14.7839727       16.3148994    
   15.4608364       7.78654909    
   16.6597500       11.3176804    
   14.7495308      0.683142602    
   9.67502880      0.915405393    
   18.1107311       1.45756447    
   9.91324902       17.2447605    
   16.0042763       6.08233213    
   17.6387558       8.73554802    
   13.6768789       5.39286280    
   7.01995707       17.3043461    
   12.8239956       12.0360069    
   5.52639008       14.8755589    
   12.3266716       2.40001535    
   18.8679714     -0.718853951    
   6.08761072       2.69460630    
   11.4181604       9.58162498    
   7.86822796       5.85133553    
   15.5183935       19.1733818    
   16.9456234       23.4164276    
   9.05825233      -1.21156192    
   9.84296703       6.22305584    
