   12.9712858       5.39997101    
   7.55481911       20.1030464    
   4.90505648       17.4578381    
   18.7282257       18.4233990    
   3.62047648       13.6613178    
   16.6111698       2.03790379    
   4.94627666       9.26866817    
   5.77266502       18.3167629    
   11.2417068      0.678337872    
   18.3244133       16.6316032    
   2.47107673       10.3185787    
   18.8925133       4.14268255    
   4.75027704       1.63257575    
   12.9506617       1.18270493    
   16.2719936       15.5110579    
   6.42538548       8.99638462    
   1.50154591       3.18631983    
   9.59007168       11.0491743    
   7.89641333       11.1207809    
   20.3394413       13.8274889    
   2.26421690       16.4229221    
   8.24878979       5.09627199    
   16.7622929       2.24439955    
   4.14271927       9.84249973    
   16.7284393      0.521704197    
   1.99744117       12.1505880    
   7.00781727       4.03301239    
   7.86383247       3.87294722    
   17.1251907       13.0560684    
   13.7444172       12.1179829    
   7.27873898       10.2960176    
   2.12420225      0.570459008    
   8.33167458       15.9559002    
   13.0780983       17.1035862    
   15.2836151       13.9885664    
   4.14434338      0.116764516    
   1.75956726       5.64400911    
   6.66053057       9.19466877    
   20.2521763      0.178020179    
   12.6334391       8.24895859    
   19.7748795       12.3849764    
   15.8019886      0.475759566    
   4.65252542       10.0350819    
   14.9474678       15.4449368    
   8.20548534       14.1313410    
   11.7773161       19.5511475    
   2.06689644       8.60469341    
   7.54108810       9.19711781    
   8.29594898       15.7338991    
   11.8239727       6.52858496    
   15.3358927       2.53420305    
   18.5956707       18.0012817    
   14.8515749       13.9397469    
   12.1084061       18.2018185    
   15.1464434       7.82613420    
   8.42841244       2.82498884    
   18.1458473       15.2683058    
   11.8260078       9.11092949    
   18.3884792       12.0889797    
   14.4205112       19.6686497    
   18.1991043       17.9753914    
   1.66576529       12.1321697    
   10.0894136       4.73846626    
   13.6143866       13.3099318    
   11.0203476       16.9023533    
   2.38202500      0.298239976    
   7.03546572       19.3834324    
   2.65867615       13.5370140    
   15.5287228       19.4631119    
   3.18591928      -7.34755546E-02
   2.73474622       3.95833373    
   1.13008702       10.1192760    
   9.69240093       8.84708023    
   19.3197803       3.25885749    
  0.927422225       4.55375385    
   8.01582718       17.5320244    
   12.4992170       6.86039066    
   17.7117901       8.08814335    
   13.1034822       16.5557022    
   15.1959915       8.96637630    
   17.5119572       9.11011600    
   17.7306538       1.64619541    
   8.98571396       2.10561132    
   18.8130150       1.38229132    
   9.63418388       14.1701736    
   14.2373619       8.22933388    
   16.5561905       9.83750057    
   13.7934256       4.41411638    
   5.64102554       16.9349060    
   12.7118025       10.1558809    
   8.57262135       14.6370707    
   12.9213915       2.35814834    
   18.1164875       1.40087577E-02
   5.75286150       1.36200261    
   9.09425831       8.63340473    
   3.41553116       4.76093960    
   16.0932922       16.4709663    
   13.1869307       20.5680027    
   7.95615387     -0.945564449    
   10.1497049       7.25064898    
