   12.8597345       5.02338028    
   7.51666021       19.8385887    
   5.42146826       18.5935574    
   19.0115719       18.2775173    
   4.44869471       13.6374912    
   16.3976040       2.44201493    
   4.94751549       8.92093658    
   5.63888311       18.5713005    
   10.8851748      0.686107635    
   18.2965469       17.4524078    
   2.78854156       9.91943645    
   19.2660522       4.32368469    
   5.03321695       1.59109783    
   13.0177689      0.505095005    
   16.0513248       15.4110498    
   7.04295635       8.64291668    
   2.01169157       3.81847429    
   8.99919128       10.8877621    
   7.18345070       11.7758589    
   20.5511436       13.5293417    
   2.44562602       15.8673344    
   8.04113388       5.05489635    
   17.0331078       2.11391521    
   4.16532087       10.4709377    
   17.3582878       1.15421677    
   2.02849221       12.1819372    
   6.55104685       3.96540689    
   7.53757954       3.67363381    
   17.6741714       13.7831030    
   13.9573622       12.0654058    
   7.06742191       10.5670080    
   2.18937182      0.623954356    
   9.03083801       16.1977310    
   12.6670494       16.7044487    
   15.0864258       14.0069437    
   3.79063344       3.03445514E-02
   1.65691650       5.57015562    
   7.03465700       9.31579781    
   20.8224888     -0.817883790    
   12.9453430       7.93131447    
   19.2067871       13.1706982    
   15.2522430      0.206703365    
   4.52705336       10.5449047    
   15.4951887       14.9587908    
   7.62250948       14.4284325    
   12.4605207       19.4581070    
   2.18922114       8.33876896    
   7.00198746       9.48509693    
   8.30055332       15.8645477    
   11.3922377       5.55757236    
   15.2136297       2.99064398    
   18.9063473       17.4723797    
   14.9235020       13.3446131    
   12.0306282       17.5630322    
   14.9757805       7.37322426    
   8.60352230       3.23437834    
   18.7240868       15.3485708    
   11.4622622       9.57471561    
   18.4945927       12.2327385    
   14.4858284       19.5801506    
   17.9050560       18.0663509    
   1.06144583       12.4469023    
   9.85785961       4.85204506    
   13.5508862       12.8452873    
   11.3247032       16.5724640    
   2.69216609      0.591865182    
   7.14487886       19.5139599    
   2.61360407       13.1286831    
   15.5475845       19.1971512    
   3.56559062      -4.69699129E-02
   2.31816983       3.70454001    
  0.839409351       10.0283861    
   10.3203154       9.42968559    
   19.0890980       3.38179183    
  0.999093235       4.16514635    
   8.23798561       18.0458660    
   12.5615196       6.68119526    
   17.4816303       7.97990656    
   13.2013397       16.1985188    
   15.7237196       8.77691269    
   17.4381733       9.40914536    
   17.4412308       1.78336823    
   9.15304184       1.57862604    
   18.7085724      0.385463804    
   9.76997375       14.3366928    
   14.1783686       7.89115906    
   16.7609234       9.51505089    
   13.4820538       4.18016434    
   5.06140232       17.1244373    
   12.2725697       10.8086710    
   8.09816456       14.4665813    
   12.7048883       2.79990697    
   17.5734882     -0.511249661    
   5.31716442       1.71231616    
   9.85932922       8.75478077    
   3.26874185       5.53027248    
   16.6029663       17.1404953    
   14.1057463       20.7100029    
   8.19577599      -1.15235007    
   9.64506245       7.91140556    
