   13.3529539       4.59775782    
   7.63970280       19.6891689    
   5.87276363       17.3388081    
   19.0213051       18.0610371    
   5.11332226       14.7714043    
   15.7781687       1.93031406    
   5.11111164       9.91411495    
   7.02036142       18.5956154    
   11.8935280      0.187497899    
   19.3045921       18.0902405    
   4.25794268       9.81185055    
   19.7850876       2.72764516    
   4.74896669      0.962840736    
   13.4847326       1.07617581    
   15.1902084       14.7358198    
   7.68625593       7.42118692    
   2.00225544       3.81839919    
   8.66066265       11.4090729    
   8.83709717       10.9949617    
   19.9463844       13.1540842    
   3.39259577       15.0178328    
   7.87300634       5.12073040    
   18.3326569       2.69916797    
   2.82281399       10.6503000    
   15.6329641       1.69895828    
   2.78083825       13.7586432    
   5.86001539       4.05216122    
   7.39646435       2.44124198    
   15.9402370       14.6575918    
   13.2492828       11.1079941    
   7.80463266       10.8761244    
   3.03244853       2.09513640    
   9.84744167       16.3193893    
   12.2725267       16.0770206    
   13.9059610       14.4867544    
   3.82034278     -0.861123860    
 -0.189628974       5.98477411    
   6.98977232       9.31595612    
   20.8142605      -2.10866928    
   14.5208349       8.62432384    
   18.6187725       13.4112358    
   15.2522688      0.756992161    
   6.55488491       9.81955433    
   15.1326132       14.7656689    
   9.90127659       14.3660316    
   12.7160244       19.4875336    
   2.11644220       8.16621304    
   5.33717728       8.27376652    
   7.86847115       15.3102407    
   10.5044317       4.41967249    
   13.8712978       2.89136767    
   18.0157528       19.7040710    
   15.8109055       12.5509462    
   13.3804369       19.2334919    
   15.3593178       8.59607029    
   8.84434223       3.61536455    
   18.7107430       14.5900879    
   11.0127792       8.95632935    
   19.5346375       11.5303984    
   15.6117420       18.3943424    
   18.9098492       18.1128273    
  -8.90473351E-02   11.1758823    
   10.0925446       7.14436054    
   14.3837576       14.2984505    
   10.6927710       17.0727711    
   2.01521921       1.21845210    
   7.90730810       19.0668945    
   4.41861153       12.0216951    
   15.4336214       19.8882637    
   3.07123756     -0.214716509    
   2.20638704       4.51897383    
   5.61691001E-02   10.1607122    
   11.0290232       9.70844650    
   18.6342487       2.73653722    
   1.01557457       3.23736119    
   10.1715393       16.5054283    
   13.3655663       6.92203569    
   18.1783752       7.96099663    
   14.6622877       15.6560698    
   15.0845432       8.57017422    
   16.6860714       8.81954384    
   16.8688240      0.306130528    
   10.1993866       1.38726807    
   19.3282681      0.433575362    
   9.66720581       15.6419821    
   15.1718340       8.41834736    
   17.2487812       8.59182835    
   13.7664051       3.99811530    
   6.68135691       15.5817575    
   12.5685625       12.1442871    
   5.88797617       13.1512241    
   13.4228144       3.95348978    
   17.7665005      -1.58245516    
   5.73794508       2.78664255    
   11.0291386       8.91160583    
   3.61287117       5.36243486    
   16.3906002       17.6954174    
   14.3559027       22.2483807    
   8.82864666     -0.162043378    
   10.2987232       7.62155533    
