   14.7348232       4.09506321    
   7.12056351       19.7629128    
   5.15192842       16.9380836    
   18.4987488       18.3881207    
   5.00662470       15.8566055    
   15.2862864      0.538997471    
   5.94651651       8.44096375    
   5.52375317       18.1782570    
   12.1035728      0.372363448    
   18.8188381       16.6076069    
   2.90437531       9.26922607    
   19.0318260       3.33552957    
   5.34994841       2.35245657    
   14.3392496       2.36600256    
   14.8399506       17.6278038    
   8.54518032       7.74601269    
   2.53998351       4.93269444    
   9.01148987       12.4111834    
   8.04337502       10.6821117    
   18.3466530       14.7726002    
   3.61696887       15.2719259    
   8.74936008       6.24793673    
   20.0030937       3.09647775    
   3.30275083       9.70032310    
   15.6834707       2.88899207    
   2.32208967       14.3748798    
   6.01579571       1.40697122    
   8.63018131       4.14887094    
   16.2568169       15.6223974    
   11.4968767       9.24792576    
   5.50442839       9.26668453    
   4.74878931       4.09100485    
   11.1865292       14.8068542    
   12.3533268       18.3694382    
   13.1594563       14.0717802    
   3.44892812     -0.178401515    
  -2.14765501       8.49744511    
   5.31852674       8.87531853    
   20.2028198      -2.07526255    
   16.8650398       9.29675961    
   19.3748646       13.5359106    
   15.0182953       2.48294878    
   6.31468582       7.93255043    
   14.4821482       15.2254400    
   12.4019136       15.2745247    
   10.6069794       20.4020329    
   3.07176232       7.49685907    
   6.64775467       10.4063206    
   8.94337463       15.4351034    
   7.52455139       4.30729961    
   13.1651793       2.65204215    
   18.7465611       19.4040947    
   16.5312366       13.4953671    
   13.6167278       18.3720379    
   15.9363251       8.24739647    
   8.02037048       6.10109711    
   20.8967724       14.7259865    
   13.8443251       8.26356983    
   20.1674728       11.1976004    
   16.5831947       19.3986130    
   19.6638508       18.4218102    
   1.16440141       11.7679243    
   10.4433575       8.20082951    
   17.8681850       12.8356743    
   9.62888241       16.0982399    
   2.41360378       1.61974382    
   9.98345566       19.6523819    
   6.09381104       12.7284546    
   12.9942522       18.9570446    
   4.27682686     -0.694838464    
   2.23901081       5.76355362    
 -0.911874175       10.9986830    
   8.82704639       10.4960041    
   18.6269951       3.47859454    
   2.89597034       3.99839973    
   8.96972942       16.7576122    
   14.2932863       6.00423908    
   14.1569052       7.00533104    
   14.9154663       16.7250156    
   14.4605284       7.80679083    
   17.3531990       11.6321192    
   14.2413111     -0.621072173    
   10.3504505       1.18091321    
   18.1980019      0.783499241    
   9.71554947       18.1340466    
   16.2765560       5.10320282    
   17.5777397       8.96188641    
   14.2964039       4.89723682    
   8.03819847       16.8781185    
   11.5868292       11.9112387    
   6.81600142       14.3357782    
   13.4313126       1.70753384    
   20.0412846      -1.43847454    
   6.60400581       2.26438737    
   12.0801401       9.82585335    
   8.05771542       5.99687529    
   15.7198725       19.2188473    
   16.8041344       25.0609303    
   10.0152855      -1.39844906    
   10.2490702       5.96778917    
