   13.1046934       4.88671827    
   7.72807360       19.7410793    
   5.53652191       18.3569126    
   18.9880238       17.8433514    
   4.47143269       14.6102200    
   15.9745693       2.58895016    
   5.56678152       8.80685139    
   4.64672899       18.0415077    
   11.0425234       5.51490001E-02
   18.4107494       17.3225212    
   3.47544336       9.81929302    
   19.2276154       3.32006764    
   4.81006098       1.11452436    
   13.5338917      0.832395077    
   15.5458689       14.9653254    
   7.29433966       8.37221813    
   2.30951715       3.46497416    
   8.47236633       11.2939291    
   7.54712057       12.0110884    
   20.3665524       13.6543055    
   3.47666621       14.9504604    
   7.63379002       5.22907495    
   17.7891827       2.35379601    
   3.97369909       10.9841442    
   17.2211723       1.74505103    
   1.76222849       13.1047907    
   6.32511139       4.75542355    
   7.81234360       3.55327821    
   16.6842060       14.1647749    
   13.1462498       11.5166931    
   7.71250868       10.8361959    
   1.96162009       1.72863531    
   9.22903061       15.8919506    
   11.9473829       17.0437317    
   14.2832670       14.8377962    
   3.71978998     -0.547095895    
  0.774405122       5.59725618    
   6.88283300       9.83372021    
   20.1257801      -1.09392107    
   13.6263342       8.15139484    
   18.9148712       13.0184698    
   15.1177025      0.112299487    
   5.10786724       10.1485481    
   14.7049370       14.2007980    
   8.17275143       14.9932499    
   12.5435810       19.9900169    
   2.54951644       8.74169636    
   7.17033482       8.83804131    
   7.70862770       15.9230452    
   11.2341032       5.41193151    
   14.7809935       2.56774449    
   19.2731590       17.9493008    
   15.6631575       13.3049421    
   12.8274813       18.4679317    
   14.7325268       7.62596321    
   8.85998344       3.39481091    
   19.0845814       15.7418070    
   11.1722260       9.11197567    
   18.7511559       12.3977690    
   14.5727930       19.0545826    
   17.8786621       18.1799641    
  0.564568222       12.0609379    
   9.82038689       5.31679535    
   13.3644857       12.1890211    
   12.0159149       16.5533714    
   2.45095325      0.295981377    
   7.41564751       19.6089802    
   3.10177875       12.3950405    
   16.0530281       19.9872303    
   3.56641197      0.714929044    
   1.92601085       4.37751007    
  0.256780416       9.55287457    
   10.5762024       9.64417267    
   19.8608646       3.22602963    
   1.00563216       4.14203215    
   9.05971622       17.8667870    
   13.0635939       7.33044910    
   17.5674763       8.11827850    
   13.4530611       15.6412325    
   15.1946821       8.15780067    
   17.0432262       10.0496874    
   16.9294987       1.83672488    
   9.66939449      0.636210144    
   18.4849224      0.809117079    
   9.60443115       14.6115446    
   14.2530775       8.23420429    
   16.7717190       8.96731186    
   14.0280952       4.59239435    
   6.04053164       16.9804878    
   11.2990046       11.0961065    
   7.66188431       14.1692352    
   13.1844482       3.30271268    
   16.6895447     -0.637475669    
   6.00501394       2.19615602    
   10.4561548       8.56086540    
   2.56278372       5.58753347    
   16.4625359       16.6925507    
   14.3168240       21.2049561    
   8.57570744     -0.947765470    
   9.48756695       7.55270815    
