   15.3979321       4.07934093    
   7.04051590       19.1146984    
   5.15323687       17.1461735    
   18.7797909       17.9791050    
   5.34268856       15.7197342    
   15.1529427      0.720187128    
   5.91269350       8.02265263    
   5.24151754       17.9135914    
   11.8150988      0.278206617    
   19.4611549       16.9033337    
   3.11444306       8.88066006    
   18.7901440       3.55366731    
   5.27942419       2.14321947    
   14.2481585       2.23539495    
   14.3826189       17.2721939    
   8.64275646       7.74376583    
   2.09084821       5.04704475    
   8.64229870       12.6571703    
   7.65905190       11.2610331    
   19.0803261       14.9324951    
   3.91521549       15.4939995    
   8.59327698       5.71988773    
   19.4512253       3.12685847    
   3.24253464       9.57184124    
   16.0559044       3.29402375    
   2.71803808       13.9223881    
   6.00992298       1.35371673    
   7.91783285       4.47858381    
   16.2219658       15.7195959    
   11.4403629       8.89372063    
   5.77790070       9.02183437    
   4.66439819       4.52095556    
   11.4465532       14.3100834    
   11.9370461       17.6171894    
   13.1864834       13.7903881    
   3.68134427     -0.794672430    
  -2.02533674       8.46204185    
   5.30561686       8.95652866    
   20.5799828      -1.95301652    
   16.7858620       9.59191799    
   19.0388966       12.9646883    
   14.5098562       2.72312760    
   6.16658306       8.41003132    
   14.3703165       15.8391180    
   12.3752193       15.1825638    
   11.2183790       20.0012970    
   3.15379167       7.27869749    
   6.54148436       10.7859678    
   8.27964783       15.4829836    
   8.36072731       4.13855267    
   13.1596680       2.70796442    
   18.4519615       18.8795910    
   16.2513008       12.8871288    
   13.3175869       18.2571621    
   16.2549229       8.31751442    
   8.04203987       6.18511057    
   20.9327869       14.4283466    
   13.5435905       8.60680389    
   19.9510117       10.9174290    
   16.6715927       19.4460030    
   19.5731430       19.2297935    
  0.930671573       11.9096699    
   10.8367519       7.44379187    
   17.5940590       12.9326658    
   9.64754200       15.9933977    
   2.80856514       1.26597869    
   9.89194298       19.2175980    
   6.01623344       12.7324667    
   12.7161751       19.0696831    
   4.57373571     -0.973676980    
   2.50395870       5.37969065    
 -0.717150629       11.2611856    
   9.15328979       10.3723135    
   18.8652649       3.69786382    
   2.67164898       3.62755632    
   8.94630909       17.1669025    
   13.6131744       6.25368118    
   14.1213074       7.11711264    
   14.8551054       16.5895824    
   14.5731688       7.45871830    
   16.8998947       11.4283075    
   14.6599941     -0.536336660    
   10.2829466       1.15901732    
   18.0679321       1.22820055    
   9.22949314       17.9082603    
   16.1809826       5.54263163    
   18.1519737       9.31824589    
   14.1313610       4.50403690    
   7.65073204       16.9420261    
   11.8746290       11.9263554    
   6.36223984       14.6138229    
   12.8033981       2.20124698    
   19.4189548     -0.941317499    
   6.40102339       2.77978754    
   12.2410011       10.1026669    
   8.01631737       5.83520699    
   16.2553043       19.2158566    
   17.1296654       24.5010109    
   10.0208359      -1.10963953    
   9.99580479       5.37791061    
