   14.9775066       3.35423565    
   7.02269077       19.6797485    
   5.42783165       17.3420658    
   18.6582947       18.6863041    
   5.14059877       15.9712772    
   15.3984871      0.220342457    
   6.62065983       9.35077286    
   4.44451094       18.9503231    
   11.6301422      0.722155213    
   19.7033825       16.3852997    
   2.36754084       9.19764614    
   19.0301151       2.75489855    
   5.55006838       2.46923542    
   14.5411959       1.92788005    
   14.7652178       18.3294411    
   7.87805700       7.56023550    
   2.26517320       5.30038929    
   9.85375786       11.8888655    
   8.38491726       10.1891928    
   18.3404961       15.7396002    
   2.88778138       15.6249151    
   8.65858555       5.27627420    
   19.3792725       2.99646306    
   3.50780535       10.2070112    
   16.0038376       3.10276008    
   2.16177559       15.2203007    
   5.69414806       1.96689355    
   8.77865791       4.28468609    
   16.4354668       15.3665781    
   11.5887222       9.22050762    
   5.55749655       8.81935692    
   4.42663336       4.76005697    
   10.3572178       15.1141510    
   12.5347252       18.7462788    
   13.7015791       14.6168823    
   3.74894929     -0.451632529    
  -2.33677769       8.71513462    
   5.04447699       7.76605320    
   20.5747490      -1.50619185    
   16.8284645       9.48923397    
   19.3331718       13.4357834    
   14.3203669       3.39179015    
   6.18602562       7.52552271    
   14.3864202       14.5752583    
   12.9235210       14.8445139    
   10.4494934       20.4890022    
   2.85707927       7.31700611    
   6.56604242       9.81790733    
   8.19414806       16.4577446    
   7.02356005       3.64282107    
   13.5500469       2.81886625    
   19.1437607       19.5994587    
   15.7017574       13.7007408    
   13.2327242       18.6826267    
   16.4597549       9.20823956    
   8.43112183       7.65310907    
   20.4416523       14.7460661    
   13.7616825       7.75372696    
   20.3307858       11.9339676    
   15.3015900       19.0602188    
   20.0977631       18.0975857    
   1.47505236       11.3282156    
   10.5800447       7.80743027    
   17.8338108       12.0011358    
   9.83229637       15.4518089    
   1.91228986       1.94316232    
   11.0001850       19.2571259    
   5.63237190       12.7142048    
   12.4877815       18.8862343    
   3.98760748     -0.222550392    
   3.06146479       6.13784313    
 -0.915182531       11.3588152    
   8.83336830       11.0911894    
   18.5951157       3.43194604    
   1.76766193       4.09391212    
   9.55942726       16.3402004    
   14.2073622       6.66976357    
   14.6955585       7.43510199    
   15.0774307       16.3369179    
   14.1916084       8.58075237    
   17.9818134       11.9236536    
   14.2685518     -0.483927518    
   11.0310440       1.69704998    
   18.3729458      0.432284743    
   9.15085316       17.5340919    
   15.9059258       4.87028599    
   17.2089748       9.12145424    
   14.3176517       5.24403763    
   7.95850468       17.1745834    
   10.8792000       12.2019129    
   6.89262056       14.5090971    
   14.5784178       2.45220709    
   19.7022686     -0.860541582    
   6.10959435       1.68283331    
   11.4870930       8.71961975    
   8.07082462       6.04635191    
   16.0759945       19.5016899    
   16.7278805       24.7414322    
   9.90169907      -2.20721316    
   10.4584322       5.46423674    
