   12.7650967       5.17225552    
   8.00051308       19.6268921    
   5.47661829       17.8206291    
   19.2471256       17.7494736    
   4.80888081       14.3973217    
   15.4962387       1.78473842    
   5.20576286       10.1530161    
   5.82307434       18.6717129    
   12.1586580      0.147333950    
   18.8207073       18.2934284    
   3.93577456       9.85467339    
   19.7049236       3.64318824    
   4.62411261       1.36379933    
   13.4102440      0.743833482    
   15.5480785       15.6644640    
   7.27813244       7.99244165    
   2.69211936       3.42851257    
   8.58306789       11.2181368    
   8.34596157       11.5622044    
   20.6689568       13.8363228    
   3.63284349       14.7825375    
   7.59206486       5.16641760    
   17.9434090       2.12540245    
   3.30426240       10.9275475    
   16.2767467       1.74208188    
   2.57312465       14.1964054    
   6.17204618       4.29484272    
   7.25123262       2.66657805    
   15.7130976       14.6294994    
   13.3213959       12.1518936    
   8.50430489       10.6401043    
   2.59794927       2.11842394    
   9.88155842       16.0791340    
   12.5441589       16.3544636    
   14.3722410       13.8654938    
   4.01090574     -0.352309346    
 -0.240529463       5.50651646    
   7.53131819       9.51399803    
   21.0951138      -1.69106412    
   13.6746435       8.31281471    
   19.0631447       13.7363520    
   15.0569391      0.225634426    
   5.80494499       10.2505713    
   15.2401409       14.3467789    
   9.89209843       14.1686535    
   12.1608019       19.5142841    
   2.74271274       8.30730343    
   6.32973623       8.64716434    
   7.20510054       15.6995478    
   11.0673532       4.98305893    
   14.4084368       2.40901160    
   18.5820999       19.0615978    
   16.0976944       13.2165871    
   12.4172859       19.5178108    
   15.0449524       8.13685131    
   9.39459229       3.83038116    
   18.8145771       15.0876837    
   10.9644041       8.90293312    
   19.3519077       11.9301128    
   15.4662104       19.2859554    
   18.5750618       17.5419750    
   5.86687177E-02   11.1293802    
   10.2900295       6.48621225    
   14.2776117       13.3820515    
   11.1825361       16.7252541    
   1.97310162      0.620636404    
   8.22801304       19.8335400    
   4.36159706       11.7292175    
   15.2999372       20.6036396    
   2.75649095      0.466802090    
   2.07209396       4.21571445    
 -0.888037562       10.1885624    
   10.9024324       9.56438160    
   18.7873096       3.35912704    
  0.927742422       3.37316918    
   9.60718632       16.4266434    
   13.0509319       7.07409477    
   18.7811928       8.30531406    
   14.7398949       15.9003305    
   15.2115669       8.10482979    
   16.9449654       8.89994431    
   16.4266281      0.967187047    
   9.75972462       1.14979434    
   18.7067776      -3.88646424E-02
   9.61562061       14.9185104    
   14.7533922       8.82107162    
   17.3975754       8.63952255    
   13.3777275       4.60445452    
   5.88368368       16.5188255    
   12.3706074       11.5764732    
   5.96919823       13.3897123    
   13.4021463       4.19313192    
   17.5968456      -1.45897090    
   6.47138786       2.30190945    
   10.3518543       9.30036640    
   2.77472520       5.05570459    
   16.6472683       17.0463543    
   14.9878368       22.1431923    
   8.33287621      -4.71319482E-02
   9.84948444       7.62003088    
