   12.6167336       5.03836823    
   7.45162868       19.9956932    
   5.34522676       18.3568611    
   18.9143257       18.4549046    
   4.10225391       13.8246546    
   16.7417507       2.20347500    
   4.92304802       9.10099888    
   5.95783138       18.4577656    
   10.9900866      0.555412948    
   18.0844727       17.1031055    
   2.75558496       10.2650957    
   19.1306515       4.27226686    
   5.08656359       1.39415896    
   13.3179760      0.690154433    
   16.1075459       15.3110981    
   6.70968723       8.61473274    
   1.98303878       3.92669439    
   8.98741055       10.6969328    
   7.51989603       11.4970379    
   20.3169861       13.7306976    
   2.15546560       15.9291191    
   8.21336746       5.08480835    
   17.3514481       2.16703558    
   4.04478407       10.4403439    
   17.0201702      0.827088296    
   1.93277454       12.4645834    
   6.71196938       4.06522417    
   7.73886251       3.77684855    
   17.5775280       13.8546867    
   14.2763691       12.3151751    
   6.86537695       10.4205475    
   2.10621953      0.561213791    
   8.81893730       16.0464020    
   12.8958960       16.8602734    
   14.8275843       14.1095695    
   4.00407600      0.345466107    
   1.71056688       5.58927679    
   6.95055008       9.05776596    
   20.9079170     -0.590170383    
   12.8469343       7.72643375    
   19.5438766       13.0633488    
   15.5277176      0.291422844    
   4.79077673       10.4712572    
   15.3425465       15.2518587    
   7.95618916       14.3213930    
   12.2249479       19.4161072    
   2.24944901       8.59627342    
   7.29624081       9.21685600    
   8.33351707       15.8260279    
   11.3706131       5.64856911    
   15.3688231       2.92497230    
   18.6303883       17.7572651    
   14.9974356       13.0733252    
   11.8489761       17.9039097    
   15.1118631       7.64579391    
   8.78877449       3.52629495    
   18.3749504       15.4615812    
   11.6603699       9.49755001    
   18.3684406       12.4676476    
   14.6136665       19.9207573    
   18.1261978       18.3417797    
   1.29366076       12.1203442    
   10.1726284       5.01892900    
   13.3098440       12.9647760    
   11.2412729       16.7633705    
   2.85227156      0.906719327    
   7.33030367       19.8470936    
   2.88885140       13.2157335    
   15.3143921       19.2001171    
   3.25524855       3.55644189E-02
   2.48329639       3.73778510    
  0.551170528       10.0350142    
   10.5088453       9.14457798    
   19.0918312       3.56947017    
  0.890102148       4.01493311    
   8.22855282       17.8302746    
   12.8494415       6.47908068    
   17.5521297       8.00863552    
   13.4365883       16.3788586    
   15.4326515       8.70032120    
   17.5376968       9.15234089    
   17.4478931       2.00351024    
   9.50286102       1.50545108    
   18.7299232      0.420713454    
   9.43379879       14.5777025    
   14.0704651       7.58413792    
   16.6501217       9.56117916    
   13.4480371       4.49149895    
   5.04032278       16.8078022    
   12.1012049       10.4687700    
   8.37738609       14.5868616    
   13.0529976       2.45531130    
   17.7011871     -0.382808387    
   5.41437006       1.81651556    
   9.54853821       8.75408936    
   2.93212318       5.19120979    
   16.4649696       16.9054947    
   13.8277378       20.7059078    
   7.89031124      -1.16628337    
   9.67282963       7.70289230    
