   14.4625740       2.75572062    
   6.35447454       19.2149639    
   4.31023836       18.2530499    
   19.7657204       19.8554459    
   5.04728985       15.9803257    
   14.4532232     -0.584716201    
   5.27877855       9.85058975    
   3.46755075       19.5163193    
   12.5554714      0.572113812    
   19.8185749       17.4395981    
   2.28752780       9.19774342    
   17.4740467       1.99232352    
   5.30549335       1.49677396    
   14.9544334       1.15802455    
   14.7235565       17.1667004    
   8.36219692       7.14034748    
  0.896945119       5.89471722    
   9.80195999       13.2537184    
   10.0260067       10.4886980    
   18.1759834       14.3518839    
   2.65542221       16.3025322    
   10.3825788       4.11542082    
   17.2969475       2.94054055    
   2.46684456       10.2678242    
   16.9954548       3.46485353    
   1.93087971       16.1944866    
   6.73702431       2.47609138    
   7.92958736       3.32431006    
   16.8514309       14.4692068    
   10.5786476       8.11956882    
   6.63392162       8.86860180    
   5.20326138       4.32360268    
   10.6840925       14.2819262    
   12.2083673       19.3331356    
   14.3368111       14.1518164    
   3.27182794      0.519193530    
  -2.93035746       9.37147141    
   5.39370298       8.17356396    
   21.3087482     -0.406509489    
   17.0343285       9.68189526    
   19.3642654       12.8063259    
   12.5775795       3.02180433    
   7.36275053       7.18524218    
   13.5201092       14.0220909    
   13.8901949       14.3787155    
   10.8940439       21.9917297    
   2.11921072       7.14062500    
   5.31666136       9.69681168    
   9.19871902       16.5978642    
   6.29556322       3.57501888    
   14.4705257       3.28147936    
   19.0000687       18.3972530    
   15.8413239       12.9825897    
   12.4540024       17.8640232    
   15.5771751       10.1738338    
   9.16339207       7.18677378    
   19.7543621       15.7419510    
   13.1469488       7.72309399    
   20.7627106       12.2630215    
   15.4806719       19.7559147    
   19.7546463       17.7727871    
   1.29122186       12.6256943    
   10.3626308       8.13872623    
   17.9977188       12.3029499    
   10.0961857       15.0801744    
   1.74257457       2.24172306    
   10.9561882       19.0675259    
   5.47733116       13.7140436    
   12.9188938       17.2898636    
   4.10961485      0.698215842    
   3.95672894       7.01513243    
 -0.764194429       11.6775331    
   9.72632408       11.3541651    
   19.4182739       4.25022173    
   1.43861115       3.43094325    
   9.11194611       16.2566986    
   13.7404499       7.02851105    
   13.7175655       6.83159494    
   14.8083849       15.7367821    
   14.6234760       8.29345608    
   16.1814098       10.9512358    
   13.9566650      -1.49403393    
   10.9214172       1.04379284    
   17.3987350       2.52091694    
   9.42088223       17.4488010    
   15.9802589       4.94191217    
   17.4412041       9.67111969    
   13.8982267       5.23773098    
   8.99624062       17.8763962    
   11.4807310       14.1953773    
   6.54719067       15.8321409    
   15.6670570       4.12341166    
   20.2962132     -0.844170988    
   5.91322660       1.76583314    
   11.3587017       9.37803841    
   7.74233389       5.21153688    
   16.6112480       20.4958019    
   16.5827885       25.4009953    
   9.48383236      -3.39645576    
   11.3490372       6.71627951    
