   13.8217344       4.19293022    
   7.79173326       20.3802147    
   5.61462545       17.2399406    
   18.8212051       17.9037437    
   5.45016432       14.6243496    
   15.1348619       1.98342955    
   5.52264309       10.0617523    
   7.38820696       18.4544735    
   12.3436232     -0.443230122    
   19.1233997       18.4340324    
   4.79660940       9.66861343    
   19.3019390       2.98333478    
   4.05462074       1.30002010    
   13.0509367       1.41575027    
   13.9931488       15.7163048    
   7.54127741       8.72738552    
   1.65115702       4.54172325    
   8.42708969       11.4989786    
   9.27007675       9.98977566    
   20.0907135       13.5244837    
   3.29618931       14.3285713    
   7.33292866       4.95423460    
   19.1557140       1.96541977    
   2.96354127       10.8848982    
   16.6247711       2.45311093    
   2.40145278       13.6764498    
   5.74447346       3.24416614    
   7.90077925       2.92791271    
   15.5616446       14.4430828    
   12.8520641       11.2004385    
   7.15590096       10.2874966    
   3.33064294       2.71608162    
   10.9020910       15.1410656    
   12.0500765       17.4336128    
   12.9263449       14.9244261    
   4.63984346      -2.70057097E-02
 -0.139799371       6.63356829    
   7.15849257       9.23943806    
   20.5067387      -2.20757174    
   14.9150562       8.84424019    
   18.5423603       12.4237595    
   14.8588142       1.77118397    
   6.35486746       8.98192692    
   14.8822956       15.4586697    
   10.8966255       14.2613201    
   12.8560362       19.7187996    
   1.48516572       7.12566948    
   5.64809847       7.84042645    
   6.75266409       15.4249344    
   9.89957809       4.42323256    
   13.9849892       2.28085327    
   17.2621174       18.6852093    
   15.7058496       12.3787346    
   13.7855453       19.6070118    
   15.9023256       8.41599560    
   8.75349617       4.50819159    
   19.7027473       14.2632132    
   12.2106543       8.80307007    
   20.0565414       11.9360485    
   16.2897682       17.7997360    
   18.8226204       18.3397064    
  0.507706881       11.5400009    
   10.0254230       6.99107218    
   13.9557276       13.9739952    
   9.91813564       17.2994080    
   2.76423120       1.37723494    
   8.06560612       20.2119179    
   5.15488148       12.1932602    
   14.9432201       19.0729847    
   2.95224833     -0.352155954    
   1.16310310       3.73458624    
 -0.453391016       10.2674789    
   11.1199284       9.21642494    
   18.5861034       3.46580553    
   2.24298429       3.65579677    
   9.55973530       16.7384357    
   13.1359539       6.11072493    
   17.7982635       7.59908533    
   14.2327375       16.2605934    
   15.4253864       8.48135376    
   16.2546673       10.0203409    
   16.2935123      0.524548829    
   11.1210623       1.91808772    
   18.9606915       1.28159440    
   10.0213995       16.2526722    
   14.2577429       7.83821487    
   16.9396667       7.85699129    
   13.0516939       4.48777914    
   6.51025581       15.8330317    
   13.4420996       11.9429989    
   5.62598419       13.3894720    
   13.1651258       3.09977293    
   17.8604050      -1.87181509    
   5.55370092       2.15087342    
   11.0157995       8.58622646    
   5.49284887       5.62134027    
   16.9313450       18.7785931    
   13.8787403       22.6009789    
   9.44898796     -0.503526866    
   10.7047892       6.96155787    
