   13.0313797       5.56575155    
   7.63748074       19.9487514    
   4.96320438       17.8042049    
   18.9526997       18.5813789    
   3.78662825       13.8716860    
   16.8121567       2.11720681    
   5.17161274       9.30411434    
   6.04723215       18.0621529    
   11.3919086      0.500828624    
   18.5351810       16.8110237    
   2.32661152       10.6252632    
   18.6545773       4.41405535    
   5.01775980       1.38687670    
   13.1446295       1.10472369    
   16.1623287       15.6583691    
   6.55733442       9.29050732    
   1.61627877       3.48159885    
   9.25634670       11.1354122    
   8.03054428       11.1985502    
   20.5004158       14.1363468    
   2.51068544       16.0843811    
   8.55534935       5.03244495    
   16.8431263       2.32275105    
   4.12661457       10.0184736    
   16.8924923      0.274804384    
   1.79607737       12.1510515    
   7.31252432       4.14756298    
   7.70647812       3.83174205    
   17.3318043       13.2816095    
   13.9586105       12.4401464    
   7.34055424       10.3999643    
   2.05632639      0.459863871    
   8.32136440       16.0804119    
   13.3022804       17.0501938    
   15.0530853       13.8702621    
   4.17104101      0.322138608    
   1.88587844       5.80181360    
   6.57810783       9.34752941    
   20.3483162      -4.68501672E-02
   12.9682140       7.96865940    
   19.8984222       12.7004738    
   15.7661858      0.251833409    
   4.79567337       10.3303394    
   14.9210119       15.2487640    
   8.04673195       14.2930450    
   11.9021711       19.4029598    
   2.27080226       8.69050217    
   7.28730297       9.07267761    
   8.50067902       15.5785646    
   11.7364531       6.20164680    
   15.4793615       2.51113129    
   18.4283924       17.7496338    
   15.0059252       13.6631765    
   12.3923311       17.9156322    
   15.0411959       7.98592901    
   8.46561623       3.10996079    
   17.8580379       15.0204515    
   11.8281727       9.38363647    
   18.4309216       12.2438078    
   14.3389854       19.5473194    
   17.9001198       18.1471882    
   1.53325808       12.3755455    
   10.0549870       4.78174305    
   13.6898651       13.3407822    
   11.2856007       16.5611706    
   2.34690952      0.578051805    
   7.21826315       19.6679478    
   2.68444896       13.2835169    
   15.3755121       19.3106766    
   3.40863538     -0.114238471    
   2.91041255       3.75083280    
  0.797227383       10.1108065    
   9.87979031       9.04663658    
   19.2258072       3.40086198    
   1.04971623       4.38593435    
   7.67561579       17.6835766    
   12.7621746       6.57091999    
   17.7871933       8.01300716    
   13.3584957       16.5282536    
   14.9089088       9.11817646    
   17.4645138       9.20210457    
   17.8376102       1.86242318    
   9.30869675       1.98514998    
   18.5824623       1.06714642    
   9.38860607       14.3281984    
   14.5218725       7.96513271    
   16.6579227       9.83963394    
   13.9477777       4.74697018    
   5.34238338       17.2011509    
   12.4477100       10.2925434    
   8.33713722       14.6213408    
   13.2044744       2.23628712    
   18.1405602      0.146666318    
   5.89032984       1.29389322    
   9.19044209       8.76449108    
   3.26768756       4.69272089    
   15.8921585       16.5169582    
   13.5325680       20.2183571    
   7.78784561      -1.22342718    
   10.1473312       7.27258110    
