   13.6675568       4.11819601    
   7.47194481       20.1780567    
   5.37969494       16.9325619    
   18.8050499       17.6068306    
   5.31248856       14.8983850    
   15.1632938       1.67501032    
   5.66681290       9.96845627    
   7.39572191       18.6681423    
   12.6613836     -0.591986895    
   18.8091450       18.4775982    
   4.62513781       9.38711643    
   19.4181252       2.83647919    
   4.10134602       1.16548467    
   13.0856762       1.70691490    
   13.8090048       15.9787397    
   7.31720400       8.52030754    
   1.86904955       4.64750004    
   8.12853622       11.4030437    
   9.47784042       10.2248755    
   20.0432224       13.4972153    
   3.19511223       14.0928984    
   7.57552385       4.90838528    
   19.3494625       1.90437865    
   3.22584414       10.5504169    
   16.3603706       2.67841840    
   2.38412046       13.3868237    
   5.45340776       3.17297173    
   7.78754234       2.86076021    
   15.7800722       14.2209740    
   12.7734127       10.8826990    
   7.22933435       10.1380119    
   3.25524688       2.41360950    
   10.5573101       14.9154119    
   12.0888252       17.4724770    
   13.1066742       14.8914127    
   4.36197329      -5.25609888E-02
 -0.405875295       6.54794312    
   6.88973284       9.20241261    
   20.3597755      -1.98539710    
   15.2358093       9.07523346    
   18.3784351       12.5532656    
   14.8824167       1.84736311    
   6.30996656       8.94080162    
   14.6029711       15.7852764    
   11.1028156       14.5239458    
   12.7249489       19.7377491    
   1.69804120       7.03311872    
   5.55813980       7.51475191    
   6.78253078       15.1973419    
   9.64803600       4.61057901    
   13.6819353       2.43621826    
   17.1964798       18.5757561    
   15.6540947       12.1467915    
   13.7853565       19.8423290    
   15.7967463       8.26696014    
   8.54126167       4.38117170    
   20.0425110       14.5351553    
   12.3848877       8.90497303    
   20.3462257       11.6568928    
   16.1616039       17.4945984    
   18.8301811       18.6180019    
  0.290653229       11.5048265    
   9.99755383       6.78059864    
   14.2827044       13.8300724    
   9.79116726       17.5640259    
   3.10102463       1.58795106    
   8.27074814       20.5531635    
   4.83258963       12.1899424    
   15.0684681       19.1361103    
   3.07006860     -0.531017780    
   1.28057373       3.73824024    
 -0.368543118       10.5906191    
   11.3457890       9.55757809    
   18.2568016       3.16540956    
   2.05631971       3.80398464    
   9.46160316       16.3897781    
   12.9270182       5.90015554    
   17.8135109       7.75118065    
   14.0271425       15.9451847    
   15.4381351       8.16922092    
   15.9530067       10.3417702    
   16.3831272      0.778597832    
   10.9727659       1.88796365    
   18.6486206       1.09118032    
   9.98201561       16.5792732    
   14.5928736       7.59773159    
   16.7300396       8.16479111    
   13.1411142       4.78780746    
   6.40247488       16.1464539    
   13.3949280       11.8472595    
   5.69909906       13.6653728    
   12.9243107       3.08618283    
   17.8412151      -2.12526703    
   5.89946747       2.02479839    
   10.9955854       8.90008068    
   5.72587252       5.29653788    
   16.8527184       18.6812801    
   14.0424404       22.7594604    
   9.45051193     -0.608741581    
   10.3841610       6.74245024    
