   13.4520159       5.14945555    
   7.60829163       19.9406242    
   5.63870716       18.2612190    
   19.1430588       17.6426792    
   4.71159410       14.7755365    
   15.8640833       2.24455667    
   5.50779915       9.04150486    
   4.70173168       18.2484474    
   11.0304861      0.379765391    
   18.3056736       17.3846416    
   3.31399417       9.69690514    
   18.9861584       3.28321075    
   4.58700514      0.878328860    
   13.6973104      0.869185984    
   15.7865553       15.0272484    
   7.07521915       8.22756481    
   2.06506252       3.14617586    
   8.67074680       11.1136322    
   7.82902575       11.8016338    
   20.5154419       13.6009598    
   3.30485630       14.6894665    
   7.85296869       5.36873865    
   17.8238430       2.04541016    
   4.06119013       10.7788429    
   17.2407303       1.53204787    
   1.66322362       12.8489294    
   6.58881569       4.85210419    
   7.63861799       3.79219198    
   17.0335617       13.9665070    
   13.2905397       11.7926788    
   7.91451406       10.9733295    
   1.69319034       1.46801376    
   9.52200890       16.1575127    
   11.7953386       17.0308628    
   14.3204765       14.6995173    
   3.84868312     -0.222410947    
  0.990159154       5.80373478    
   6.86685419       9.61101341    
   20.3324471     -0.973442495    
   13.4107590       8.26605606    
   18.7627640       12.7928467    
   15.0800943      -4.21767421E-02
   4.88061380       10.2254677    
   14.9088697       14.4686356    
   8.00673580       14.6759405    
   12.8935719       19.7732525    
   2.55027437       8.72038746    
   7.05521202       8.69994926    
   7.98198080       16.0880718    
   11.0989771       5.65061331    
   14.8442564       2.24170852    
   19.1450577       17.7877464    
   15.6391869       13.5279951    
   12.5334597       18.3145428    
   14.7780008       7.41627502    
   9.17577744       3.41214418    
   19.1972046       15.6245317    
   11.4626312       8.95771122    
   18.6232281       12.3471985    
   14.4463692       18.8021450    
   18.2193184       18.0394230    
  0.757939994       12.2313766    
   10.0451918       5.21787691    
   13.0158567       12.1597223    
   12.1386509       16.2067604    
   2.12951565      0.632244229    
   7.70965099       19.8007088    
   2.77718520       12.6464348    
   15.7743025       19.8581562    
   3.69811916      0.555050135    
   2.15062857       4.57574987    
  0.126889676       9.31374550    
   10.5519762       9.69958115    
   19.5471783       2.91697025    
   1.07098317       3.86685085    
   9.03629112       18.2160835    
   12.8842955       7.58654499    
   17.3659859       7.81259346    
   13.2240906       15.4748726    
   15.0897760       8.22642326    
   17.0839691       10.0028992    
   17.1802540       1.98936272    
   9.38367176      0.640772879    
   18.5411606      0.706897259    
   9.44095325       14.9180202    
   14.4800301       7.93389940    
   16.9739704       8.91880417    
   13.8203735       4.53184700    
   5.73305941       16.7417164    
   11.2334051       11.0213795    
   7.54164505       13.9197626    
   13.0498657       3.11018085    
   16.8530960     -0.542266905    
   6.16781473       2.25781631    
   10.5371075       8.39761829    
   2.53931165       5.69871616    
   16.4963264       16.4824791    
   14.2111855       20.9142170    
   8.49816513      -1.17697179    
   9.17161369       7.81317854    
