   13.7066650       4.85278845    
   7.39035416       19.9663525    
   5.81780338       16.7992287    
   18.6880932       17.7026062    
   5.06123590       14.7686958    
   15.5196018       2.02150583    
   5.26925611       9.99070549    
   7.20982695       18.9092941    
   11.9546108      0.306605726    
   19.2035828       18.5278511    
   4.35305643       9.61281109    
   19.5487080       2.96965504    
   4.81713581      0.786459088    
   13.1045628      0.857095063    
   14.8604918       15.0173702    
   7.48124647       7.93303108    
   1.96100128       4.28709888    
   8.64118290       11.3035936    
   8.87543106       10.4405622    
   19.9195824       13.5724878    
   3.25043821       14.7841501    
   7.56692457       5.00029707    
   18.5112648       2.84939432    
   2.72658825       10.9122601    
   15.9990015       2.22089076    
   2.86134434       13.4595432    
   5.91442108       3.65266442    
   7.55277205       2.75538206    
   15.9833612       14.6718731    
   13.5264425       10.9635124    
   7.62413406       10.9192238    
   2.87701297       2.11093950    
   9.94449902       16.0805149    
   12.0085077       16.5926628    
   14.0572796       14.4928684    
   3.99514580     -0.503057361    
 -0.277876794       6.06712246    
   7.19935846       9.42756271    
   20.7948017      -1.76975596    
   14.4940329       9.21144867    
   18.9477482       13.3467207    
   15.4169798       1.30220139    
   6.79986382       10.1126451    
   14.9991817       15.2873697    
   10.3995695       14.7426567    
   12.6445990       19.6815987    
   2.05881858       7.68783379    
   5.81308270       8.04038048    
   7.94017506       15.4885702    
   10.4305153       4.25596237    
   13.9624872       2.73515081    
   17.3960609       19.3165970    
   15.3673210       12.4311838    
   12.9148712       19.1230297    
   15.9328051       8.69535637    
   9.25919151       3.75160694    
   18.7057819       14.0185585    
   10.8273592       8.88039494    
   19.4726887       11.4481392    
   15.5612307       18.4486027    
   18.8581276       18.0910969    
  -1.98337287E-02   11.3431826    
   10.1025753       7.45030928    
   14.3246450       14.1869287    
   10.3611584       17.1974049    
   1.66477942       1.33002293    
   7.91968918       19.6462631    
   4.74047709       12.3650427    
   15.2750177       19.6203861    
   2.99710178     -0.482173085    
   1.96177709       4.32794380    
 -0.248951301       10.0520172    
   11.3269510       9.35196018    
   18.5616570       3.03954291    
   1.19474983       3.16625261    
   9.77377510       16.8081207    
   13.2270098       7.16131830    
   18.0673351       8.00428009    
   14.5260258       16.0126915    
   15.2841320       8.72496414    
   16.3014259       9.31597805    
   17.2589073      0.418058127    
   10.1650667       1.65118313    
   19.5389690      0.863650024    
   9.22295856       16.0094681    
   15.1085463       8.67251587    
   17.3888817       8.47015762    
   13.4740877       4.37485790    
   6.65399408       15.5786686    
   13.1896925       12.4550381    
   6.29900885       13.0314646    
   13.2597895       3.43690205    
   17.6669273      -1.52498746    
   5.63678551       3.07851815    
   11.0058393       8.36857605    
   4.06457853       5.40607071    
   16.4043579       17.8320770    
   14.0436735       22.0868168    
   8.83495903     -0.256017178    
   10.5789013       7.64347219    
