   14.9161787       4.12737989    
   7.03812695       19.1759338    
   5.28053141       17.1293411    
   18.9760933       17.9473267    
   4.34242296       14.8853312    
   15.0316324      0.845849454    
   5.58646202       8.21035862    
   5.93674040       17.9935341    
   12.3875771     -0.416040778    
   19.9670868       16.5921268    
   3.88031340       9.18398666    
   19.0591583       3.70849252    
   4.06272602       2.09037638    
   14.2636557       2.46513724    
   14.5657225       16.2299366    
   8.98620605       8.43679905    
   1.64285147       3.84683824    
   8.97797680       12.5732079    
   7.33190775       11.7361603    
   19.1016350       14.0980101    
   4.22664261       15.2556610    
   8.02115059       5.19795656    
   19.4891987       2.48825908    
   3.39763904       9.52991295    
   15.5681257       3.32558489    
   2.19406319       13.9595919    
   6.37670851       1.35804307    
   7.95570946       4.08042955    
   16.2988205       15.4128475    
   11.5804377       9.78320312    
   6.48811150       9.65344906    
   4.14894629       3.80153561    
   10.8703241       13.9014606    
   12.4073448       17.7913208    
   13.5706615       13.8997374    
   3.80355048     -0.816448510    
  -1.86636043       7.61212969    
   5.82871675       8.30940819    
   20.3728905      -1.83842587    
   15.8287506       9.68289661    
   18.8505783       12.8532858    
   15.4924927       3.37595320    
   6.09607220       8.16298389    
   14.6856871       15.6445656    
   12.4007015       16.0781441    
   11.0097485       20.6914330    
   2.85832262       6.76542807    
   6.56344748       9.67224407    
   7.60900021       15.0273485    
   8.60079193       3.82540369    
   13.6559505       2.59950662    
   18.2920494       18.9045982    
   16.1568432       12.8450108    
   13.1467733       18.4442368    
   16.6676388       7.93845510    
   8.04956818       5.44356108    
   20.0053501       14.3403721    
   13.0993156       9.04770374    
   20.6242256       10.7950096    
   16.6184864       18.1835995    
   19.5358372       18.9489346    
  0.746043921       12.4952135    
   10.2653151       7.32837772    
   16.3477154       13.0280037    
   9.97443867       15.9676113    
   2.51672697       1.93203092    
   9.85204411       20.0256672    
   6.19080114       12.1165857    
   12.6721926       19.2293949    
   4.53121042     -0.762843788    
   1.91304946       5.93294573    
  -1.34237754       11.4355345    
   10.0227842       10.1429386    
   18.7860107       3.99317598    
   2.66848493       3.84666944    
   9.19655609       16.9614582    
   14.1968260       6.54525089    
   14.7635345       7.94487572    
   14.5756149       16.5028458    
   15.0739031       7.62824726    
   17.2023830       11.6714640    
   15.1595230      0.375215769    
   9.76718330      0.707742393    
   18.1243439       1.20646024    
   9.75729942       17.6325550    
   15.4565392       5.69341660    
   17.4163170       9.28787613    
   13.5047960       5.22930622    
   7.29082108       17.5099640    
   12.5922184       11.7719250    
   6.02274036       14.7663088    
   12.2908955       2.35063124    
   19.0668755     -0.798769891    
   6.14615536       2.43181014    
   11.6614189       9.97338963    
   7.77231979       5.71568012    
   15.4759245       19.5243073    
   17.3178329       23.9553967    
   9.63191223      -1.57591331    
   9.96515751       5.95408344    
