   14.4582520       3.21345353    
   5.93116188       19.6912861    
   4.54832411       18.4549389    
   20.0844021       19.9751225    
   4.89128256       16.5058537    
   14.5811129     -0.417363793    
   5.36479664       9.81631374    
   3.11675501       19.0689487    
   12.5297651      0.499962628    
   20.0038300       17.4708385    
   2.69442868       9.13994408    
   17.6744804       1.97347212    
   5.08026314       1.33734548    
   14.6771450       1.40227079    
   15.1148615       17.3806286    
   8.40556240       7.26559258    
   1.32052279       5.53742743    
   10.1795492       12.9860878    
   10.2302418       10.5123739    
   18.3019428       14.3612385    
   2.24062276       16.7179089    
   10.4140263       4.34668159    
   17.6069794       2.80934381    
   2.86141920       10.3838491    
   16.4654274       3.30428982    
   1.73646426       16.1564236    
   6.95059538       2.97561502    
   8.06590557       3.51134372    
   16.3875103       14.9566288    
   11.0646648       8.43041706    
   6.12366676       8.87891769    
   5.06611013       4.48065805    
   10.5554762       14.5491066    
   12.0794001       18.9733524    
   14.7890902       13.9544544    
   3.41302180      0.497780859    
  -3.00282550       9.14973640    
   5.22688484       8.14049721    
   21.2722626     -0.323735297    
   17.3959446       9.29489803    
   19.2654705       12.9084320    
   12.8015232       2.99110627    
   7.28068924       7.01820135    
   13.5854425       14.0139685    
   13.5697193       14.2631130    
   10.7567472       21.9839935    
   2.34112120       7.25792599    
   5.61610699       9.47273064    
   8.97908115       16.2286263    
   6.18493557       3.70145774    
   13.8642130       3.15522981    
   19.3911209       18.7356968    
   15.6085110       13.1874905    
   12.3689203       17.7460537    
   15.7826481       10.4105978    
   8.76391125       7.24002457    
   19.4455357       15.6215639    
   12.7837029       8.06562614    
   20.4701767       12.6319418    
   15.2625542       19.8310738    
   19.7965374       18.0219402    
   1.65774965       12.5632877    
   9.85539341       7.99228811    
   18.2093220       12.2980375    
   9.98924065       15.0296259    
   1.63113916       1.87175739    
   11.0479212       18.6265526    
   5.44934845       13.3980474    
   12.3615694       17.4182129    
   4.36701918      0.902766705    
   3.63744545       7.14379883    
 -0.730504632       12.0628614    
   9.44066429       11.3126612    
   18.9636879       4.42801189    
   1.62766385       3.34585452    
   9.15428925       15.9986897    
   14.0723372       7.25174904    
   13.9127588       7.23449183    
   15.0854816       16.2168541    
   14.4141369       8.05748940    
   16.2087345       10.9862852    
   14.5502310      -1.31082416    
   10.9230785       1.56069815    
   17.4980373       2.41612124    
   9.47402763       17.4293919    
   16.3823681       4.86979818    
   16.9169292       9.80467033    
   13.7522678       5.45118332    
   9.11151314       17.7595940    
   11.8907690       13.8246365    
   6.22505331       15.3810978    
   15.1263494       3.86230421    
   20.1000576     -0.661845028    
   5.39500761       1.47017014    
   11.7466087       9.57095146    
   7.74690342       5.45225430    
   16.9246426       20.3085327    
   17.0738220       25.2713070    
   9.34594345      -3.15368605    
   10.8734808       6.35444498    
