   14.9587851       3.77095795    
   6.59916735       19.5184917    
   5.42009640       17.2702274    
   18.2364788       18.3902588    
   5.19626617       16.1528854    
   15.1595793      0.681923449    
   5.80788565       8.40778446    
   5.24413586       18.1949806    
   12.0828314      0.214484900    
   18.7243519       16.6719246    
   2.67423964       9.20881176    
   19.2519150       3.15905833    
   5.63024521       2.20117497    
   14.3997402       2.43915772    
   15.1687832       18.0452805    
   8.50250721       7.41959763    
   2.58807635       5.21572065    
   9.44599915       11.9169426    
   8.02323914       10.4577656    
   18.0959549       14.9288492    
   3.18067789       15.7417517    
   8.53430080       5.98316002    
   19.6595001       2.93040967    
   3.38857436       9.85833549    
   15.2975979       3.00485134    
   2.17419982       14.6598005    
   5.70841169       1.84377050    
   8.21760845       3.89965153    
   16.5801411       15.1901531    
   11.1786346       9.55667782    
   5.36916018       9.14758873    
   4.88598680       3.97882438    
   10.9140005       15.0845108    
   11.9581966       18.5894737    
   13.3075094       14.0277519    
   4.02402878     -0.609230042    
  -2.52534127       8.32315350    
   5.02942085       8.23305130    
   20.3996048      -2.31745505    
   16.9516068       9.47641087    
   19.6398067       13.4529715    
   14.9254446       2.84313250    
   6.25506020       7.60933971    
   14.9862986       15.1561432    
   12.4310017       14.9428358    
   10.6408072       20.2539616    
   3.40002322       7.66724062    
   6.18808508       10.0006227    
   8.68424892       15.3058739    
   7.43572044       3.92619562    
   13.5533943       2.96121287    
   19.0877686       19.4528885    
   16.2898521       13.8285275    
   13.2869387       18.5406036    
   15.7611084       8.51554585    
   8.45297146       6.71573448    
   20.6448097       14.8299103    
   13.4807625       7.95649815    
   19.8515263       11.5429773    
   16.0536766       19.4067097    
   19.1573009       18.1535187    
   1.20022309       11.8242073    
   10.5347815       7.97915268    
   17.8950119       12.6824465    
   9.84328270       15.5932722    
   1.76755559       2.02456665    
   9.87077522       19.1303310    
   5.66165686       12.8354874    
   12.7434626       18.7553692    
   4.38557768     -0.201463521    
   2.51579452       6.00761318    
 -0.835482836       10.9549732    
   9.05431271       10.8850145    
   18.9738941       3.31358075    
   2.57357597       3.53361869    
   9.34716702       16.1804504    
   14.0679855       6.56426907    
   14.2559061       7.36058950    
   14.9827929       16.8171291    
   14.5258408       8.05438519    
   17.6353931       11.9557133    
   14.2891493     -0.717328131    
   10.8671045       1.43763685    
   18.4920368      0.624478996    
   9.55493546       17.8740978    
   16.1843929       4.85049438    
   17.1227646       9.00197983    
   14.5021353       5.12004280    
   7.62110090       16.8700237    
   11.0813990       12.1822100    
   6.80294991       14.1536894    
   13.8578911       1.85246718    
   19.8892212     -0.828509510    
   6.06930447       2.34508920    
   11.6804085       9.48964310    
   8.49218750       6.09988689    
   15.4699574       19.7059536    
   16.9462337       24.9972515    
   10.2647810      -2.01677513    
   10.5985765       6.21664381    
