   13.5594988       4.81094790    
   7.66917658       19.9949207    
   6.06297922       17.1125431    
   18.7477093       17.8427105    
   5.12113237       15.0077248    
   15.4430733       1.91916084    
   4.96963978       10.0144100    
   7.19746304       18.6484394    
   11.6529379       6.82410374E-02
   19.0988808       18.3125668    
   4.45261097       9.84801006    
   19.7060261       2.87574053    
   5.03268480      0.653546929    
   13.3778524      0.999649763    
   15.1450262       14.7946491    
   7.36538458       7.62830400    
   2.08193040       4.00522375    
   8.56203079       11.4107761    
   8.61962605       10.7377987    
   19.6138344       13.2489128    
   3.53646302       14.7826262    
   7.69323349       5.29051542    
   18.5916328       2.80772424    
   2.71304035       10.6533728    
   15.7500839       1.95208216    
   2.86160851       13.7751360    
   5.63516712       3.93146706    
   7.71615601       2.69344068    
   15.9618616       14.3616972    
   13.5083857       10.7908840    
   7.83100033       11.1659613    
   2.73306704       1.87557185    
   9.63984871       16.0853481    
   12.2257938       16.3028698    
   13.7556391       14.5107450    
   4.05939960     -0.613986909    
 -0.431462616       5.87459373    
   7.31317234       9.21521091    
   20.4771538      -2.04201174    
   14.6553154       8.87946987    
   18.8944988       13.5843315    
   15.5153847       1.07631731    
   6.70372963       10.1583261    
   15.0494480       15.0441608    
   10.1340857       14.6070480    
   12.6357908       19.5223389    
   1.80309522       8.02009678    
   5.62519836       7.96588707    
   7.77883530       15.4326229    
   10.4221382       4.07566261    
   13.9847422       2.80642557    
   17.7251034       19.6475677    
   15.5715990       12.2267389    
   13.1368761       19.0030060    
   15.6469545       8.44977474    
   9.15906143       3.69701743    
   18.6033173       14.2785969    
   10.7641239       8.93432045    
   19.7408905       11.2032757    
   15.2805767       18.2606831    
   18.8961868       18.2966347    
  0.258700967       11.2359228    
   10.3668442       7.26873684    
   14.5099602       14.4813080    
   10.6196814       17.1992054    
   1.86942482       1.35517550    
   7.70937252       19.3414192    
   4.52849388       12.1007061    
   15.6085997       19.8048992    
   2.89555073     -0.317110538    
   2.06513453       4.23430204    
  -5.28774634E-02   10.2897387    
   11.0481987       9.42832565    
   18.6683464       2.85113335    
   1.13476932       3.19749522    
   9.96414661       16.8006783    
   13.5263205       7.03767014    
   17.8540039       7.91843510    
   14.7461796       15.7221375    
   15.0274582       8.56324387    
   16.6293831       8.99044991    
   16.9638577      0.164316773    
   10.2722454       1.46475434    
   19.6688824      0.606366754    
   9.43595982       15.6775751    
   15.3626404       8.44736958    
   17.0667152       8.78608608    
   13.5656137       4.30446863    
   6.48718977       15.6535778    
   12.8734961       12.3598118    
   6.01566696       12.9544601    
   13.2326851       3.69233012    
   17.8023624      -1.64539349    
   5.86711550       3.00885391    
   10.7187357       8.65933895    
   3.71971226       5.31123257    
   16.0847015       17.8466682    
   14.1542549       22.2735939    
   8.94854069     -0.154493704    
   10.3256626       7.76760912    
