   13.8947477       5.11137533    
   6.29416132       19.2186623    
   5.34518814       17.0897961    
   18.8013954       17.6911774    
   5.47352648       14.4368258    
   14.4433374      0.367946893    
   5.95844460       8.87647629    
   7.40853643       17.5530777    
   12.6408195     -0.183467627    
   19.3160400       18.2199440    
   4.10803556       8.57364655    
   19.7153072       2.87580824    
   3.49744582       1.51034951    
   13.2940102       1.97715878    
   14.1436920       16.4603119    
   8.34031296       8.94851780    
   1.83928716       4.60002995    
   8.65628529       12.1298027    
   9.02166557       10.4878044    
   19.2281837       14.3831615    
   3.59541821       14.5539951    
   7.34581232       5.44782495    
   19.5482941       2.28861713    
   4.11930037       9.53774643    
   16.2265491       3.34064388    
   2.79531455       12.9905005    
   5.66050291       3.31055760    
   7.68889475       2.46157050    
   16.4798412       14.0888071    
   12.8450184       9.91539574    
   7.08043671       9.93041420    
   3.50472689       2.60812712    
   10.4988174       14.4556007    
   12.1127987       18.2997570    
   12.5444307       14.1280432    
   4.46485567      0.316632122    
 -0.891730964       7.31501627    
   7.45233965       9.43031883    
   20.5903492      -1.09932935    
   15.1367474       9.58212852    
   18.9109344       11.9062653    
   15.4823160       2.98764396    
   6.77433205       7.78433847    
   13.7098150       15.9385386    
   10.8105230       15.6108789    
   12.1993561       19.7742901    
   1.88726437       6.62586784    
   6.45394230       7.69098568    
   6.47470617       15.0990496    
   9.32387447       4.40708017    
   14.2942629       2.80631661    
   16.9987011       17.8169956    
   16.6220646       12.6711826    
   13.8689899       20.1346798    
   15.3005276       7.86602640    
   8.46200466       5.67641830    
   19.9940872       14.9315710    
   12.2246771       9.11982059    
   21.0206318       10.7995968    
   16.6477909       17.5206814    
   19.4695225       18.5439701    
 -0.107369684       12.1188040    
   10.5553980       6.97390318    
   15.7216320       13.6724091    
   9.70829678       16.6963978    
   2.15534878      0.806974232    
   8.85673332       20.7342377    
   5.71451139       11.8261213    
   13.1518908       18.9444008    
   3.94838285     -0.586482108    
   1.49489307       4.30507231    
 -0.735718012       11.3285036    
   11.8045101       9.72445869    
   18.7966461       3.27641058    
   2.66710520       4.06554461    
   9.92804623       16.3614082    
   13.1556053       6.59203959    
   17.2368965       8.32341480    
   14.4457893       15.6686239    
   14.8659945       7.11045742    
   16.8107910       10.6326132    
   15.8829470      0.428424567    
   10.4570761       1.41660190    
   19.2427464       1.23135459    
   9.81259346       17.2849064    
   14.4815063       7.10522223    
   16.8231831       8.39603233    
   13.0670977       6.01300097    
   6.24973202       16.7784119    
   12.9613390       11.6800337    
   4.65016603       14.3566275    
   12.3213806       1.84620273    
   19.2588215      -1.15633929    
   4.62119961       2.68174720    
   10.8750610       9.26200962    
   6.82184458       5.71211195    
   16.3683834       18.5249043    
   14.6080313       23.7575321    
   9.45330143     -0.567814291    
   10.0505342       5.93698072    
