   14.9107571       4.07090187    
   6.80690527       19.5012093    
   5.42369366       16.9513626    
   18.2774391       18.2092705    
   5.29243469       16.0485744    
   15.4727736      0.857479990    
   6.04846573       8.16108608    
   5.21942234       18.1379547    
   12.0984926       6.69767931E-02
   18.6121635       16.6126652    
   2.85493326       8.94020939    
   19.1912022       3.27310157    
   5.32000208       2.20730257    
   14.4699488       2.60342145    
   15.0271006       17.7447586    
   8.79342079       7.65608501    
   2.33551455       5.27838898    
   9.24714375       12.2035789    
   8.22314167       10.7763729    
   18.1303272       14.6256189    
   3.39483929       15.4171295    
   8.58063030       6.29433584    
   19.9895668       3.02365422    
   3.63054276       9.87452602    
   15.5598946       2.81899905    
   2.50486493       14.5089474    
   5.91780043       1.70782471    
   8.29474640       3.95736051    
   16.3561401       15.2800398    
   11.1849241       9.40142059    
   5.57433987       9.18709278    
   4.86485720       3.92321920    
   10.9438753       14.8535872    
   12.1025848       18.4092331    
   13.1238670       14.1192436    
   3.75232506     -0.515552700    
  -2.27033663       8.26950550    
   5.10209227       8.54650307    
   20.2584915      -2.04903674    
   17.0266113       9.60878468    
   19.6628456       13.6673326    
   14.6754608       2.63216281    
   6.30216742       7.94083548    
   14.7176590       14.9065714    
   12.1713343       15.0213823    
   10.8056240       20.0955944    
   3.37217283       7.69695234    
   6.38960409       10.1061792    
   8.95458698       15.3010406    
   7.38669777       3.97246313    
   13.2851086       2.67148018    
   19.0171604       19.2772350    
   16.2700081       13.6157732    
   13.4600010       18.3017273    
   15.6927681       8.42907715    
   8.11355305       6.42150402    
   20.5637779       15.0377913    
   13.6227551       8.12805080    
   19.9951591       11.3963566    
   16.2680244       19.4422550    
   19.3555031       18.1004295    
  0.919674516       11.6824026    
   10.6258860       8.28069210    
   17.8491364       12.9669180    
   9.82553482       15.9241133    
   2.06383872       1.81308484    
   9.95660591       19.3380699    
   5.77633715       12.7314367    
   12.7403765       18.9412956    
   4.19086790     -0.518465519    
   2.28707862       5.97996140    
 -0.621266186       10.7466536    
   8.96202564       10.7801514    
   18.9451733       3.29228783    
   2.82543707       3.80939841    
   9.20854473       16.4903584    
   14.1100979       6.31930876    
   14.1576929       7.31756163    
   15.1564102       16.5212765    
   14.7282238       7.73999834    
   17.4562473       11.8057203    
   14.3699923     -0.537785292    
   10.6137524       1.15810931    
   18.3735676      0.620113194    
   9.76989555       18.0756588    
   16.0577164       5.12864351    
   17.4014626       8.86218548    
   14.1858654       4.96449184    
   7.73336697       16.7786102    
   11.4210033       12.0056496    
   6.70727348       14.4511633    
   13.7392368       1.97181427    
   19.9956570      -1.08851409    
   6.39276171       2.30894279    
   12.0067244       9.64352417    
   8.38113880       6.22159910    
   15.7143478       19.3566628    
   16.9451199       25.0047264    
   10.2227421      -1.67002130    
   10.4958687       6.29522276    
