   14.4244194       3.24243498    
   6.09822750       20.2713871    
   4.81943560       18.0819454    
   19.8636189       19.2498283    
   5.57355118       16.3399067    
   15.1817036     -0.268742234    
   5.84016562       9.16182232    
   3.13996243       19.1932907    
   12.2372551      0.409852892    
   19.8348408       17.3279533    
   3.23349166       9.15604019    
   18.4083691       2.33056927    
   4.94681025       1.08543885    
   15.3240547       1.54595852    
   14.8083687       17.2758179    
   7.88145065       7.49952698    
   1.17250705       5.06933784    
   10.6026955       12.6800508    
   10.1169252       10.0657969    
   18.6808891       14.2965145    
   2.26951289       16.2998123    
   9.77635288       4.85264158    
   18.1416874       2.78091478    
   2.67882848       10.2850132    
   16.3787956       3.17580962    
   1.55172408       15.3210268    
   6.19526625       3.02881312    
   8.22683239       3.60261846    
   16.1178722       15.2182989    
   11.0663204       8.67475128    
   6.01988125       9.11915207    
   4.62727070       4.83341455    
   10.0767298       14.8238707    
   11.9661207       18.9130516    
   14.4396238       13.9742966    
   3.61463141      0.175490841    
  -3.08542514       9.25725269    
   5.34674311       7.67144728    
   21.3853779       5.00318147E-02
   17.3056221       9.36318779    
   19.3882961       12.6848612    
   13.5226564       2.73726392    
   6.59957838       7.02229643    
   14.0773878       14.4698715    
   14.0415602       14.2525549    
   10.7997608       21.7456532    
   2.21648097       7.44990396    
   6.43192720       9.38861084    
   8.74479866       16.3943081    
   6.97957039       3.56522822    
   13.7159691       3.96269155    
   18.9341259       18.8199558    
   15.3733101       13.1489401    
   13.1541424       18.2999496    
   16.1935482       9.95157719    
   8.32748032       7.62515402    
   18.9864655       15.5748320    
   12.8786907       8.32374287    
   20.0543003       12.4635696    
   15.2523937       20.0250492    
   20.3418522       17.9848576    
   1.49660146       12.7776413    
   10.0114393       8.22659874    
   18.3100586       11.9082747    
   10.2353096       15.2532034    
   1.72306907       1.51004910    
   11.4521646       18.4021416    
   5.53272247       13.9874182    
   11.9226217       17.5475502    
   4.09249544      0.296504915    
   3.22857285       7.38236666    
 -0.615719736       12.0151196    
   8.98386478       11.6071653    
   19.0834160       4.77188015    
   2.55963898       3.62005281    
   8.39328003       16.0525188    
   13.7382641       7.30419827    
   13.6788425       8.07394981    
   14.9726744       16.2104683    
   14.0630713       7.45247841    
   16.8437920       10.7383547    
   14.8939323      -1.10139024    
   10.8801479       1.71731269    
   17.1765404       2.25830579    
   9.30269623       17.9560452    
   16.7431259       4.59206581    
   16.8453293       9.09580421    
   13.3038044       5.60242414    
   8.59536648       17.2770195    
   11.2153234       12.8136654    
   6.01876688       15.7169857    
   15.3533888       3.43115115    
   20.4672432      -1.19325638    
   5.25731993      0.775848687    
   11.3960543       9.31210709    
   7.89134789       5.52415133    
   16.7619190       20.3464584    
   17.0464573       25.7880287    
   9.16768456      -2.92479801    
   10.3870754       6.52674103    
