   12.7984810       5.24296093    
   7.72761059       19.4219074    
   5.51094484       17.6436005    
   18.9868336       17.9604969    
   4.91041470       14.4095993    
   15.2627802       1.59133744    
   4.89103079       9.90153027    
   6.03500366       18.3339348    
   12.4928179      -7.16768503E-02
   18.8922138       18.0066833    
   4.15406990       10.0636349    
   20.0194435       3.67445946    
   4.84657812       1.12602746    
   13.1641264      0.638630092    
   15.3953505       15.3707609    
   7.20424414       7.75071001    
   2.45389605       3.75158334    
   8.80312634       11.0767183    
   8.63516045       11.4906416    
   20.4807186       13.6902380    
   3.87045193       14.5847425    
   7.66350365       5.01275110    
   17.8524342       1.91154873    
   3.11109877       10.8615236    
   16.0223198       1.69433153    
   2.34049511       14.3299818    
   5.96575546       3.95737600    
   7.43971157       2.49115443    
   15.7605791       14.2938890    
   13.5732079       11.8492384    
   8.37477684       10.4235039    
   2.90118432       2.03481674    
   10.1968670       16.0294876    
   12.5236750       16.0762806    
   14.4414549       14.0814323    
   3.73059273     -0.621003926    
 -0.247941986       5.39101744    
   7.81531048       9.38712311    
   21.2343025      -1.98861921    
   13.6767464       8.36459541    
   19.3266544       13.4320040    
   14.8623152      0.108609892    
   5.57369471       10.3878813    
   15.3421698       14.4710140    
   9.65356255       13.8435946    
   12.3033218       19.5617065    
   2.45747757       8.35495567    
   6.14744663       8.45549488    
   7.29013872       15.9725428    
   10.7835531       4.67345905    
   14.2778788       2.63301826    
   18.4872551       19.1966515    
   15.8949795       13.4627905    
   12.5734797       19.5488644    
   14.7386227       7.94774246    
   9.38257027       3.79852605    
   18.6646519       15.3159666    
   10.7737360       8.61430836    
   19.3256302       11.9343157    
   15.6114254       19.2447777    
   18.6650085       17.7169132    
 -0.107973211       10.8290739    
   10.3069162       6.73203611    
   13.9876919       13.5900240    
   10.8431053       16.7077866    
   1.62696779      0.699282229    
   8.24665165       19.5058136    
   4.66773129       12.0717440    
   14.9866076       20.3605099    
   3.08111811      0.495563567    
   2.32944751       3.89925647    
 -0.538585722       10.4113808    
   11.0216398       9.71489620    
   19.0379486       3.12030959    
  0.937059820       3.28364182    
   9.87344170       16.4400368    
   12.7877970       6.93860102    
   18.5680408       8.43871212    
   14.5684662       15.7021627    
   15.4457235       8.14939880    
   17.2173767       9.15568542    
   16.7519245      0.682041883    
   9.85596085       1.35897863    
   18.4555607      -1.47780171E-02
   9.66015625       15.2275791    
   15.0046062       8.92264652    
   17.3009930       8.47095394    
   13.3680630       4.95378494    
   6.06056166       16.3457737    
   12.1185236       11.5478859    
   6.05174065       13.4150667    
   13.3522873       4.12079287    
   17.4744930      -1.78886127    
   6.22696257       2.46982145    
   10.5085897       9.36746883    
   2.89144945       5.26182127    
   16.6772194       17.0448112    
   14.8963318       22.0506992    
   8.41230869     -0.198548779    
   9.61182404       7.46277285    
