   15.1545658       5.10737562    
   2.49809980       13.1272173    
   11.0045443       9.70530033    
   5.93113279      0.921188295    
   10.5676041       14.9693213    
   14.8875561       16.9176998    
   11.6717052       6.58291864    
   12.9945927       7.11800146    
   5.91207743       3.48658562    
   16.4936028       6.98092270    
   7.14340496       16.2890091    
   15.1417818       11.4845486    
   7.44015884       12.0329399    
   2.96113801       13.8004208    
   11.6556559      0.253988743    
   1.53424597       12.8026628    
  0.828082800      0.282216698    
   13.4276714       18.3089447    
   8.04815483       6.45518064    
   2.72023869       17.9650440    
   13.0977964       18.9384232    
   7.89107227      -2.23648906    
   15.9401226       12.0549402    
   9.95441151       1.38674843    
   7.56836081       8.20954800    
   13.1006937      0.885657907    
   8.78614998       12.4994917    
   3.55942988       11.2629232    
  0.814480722       11.0480919    
   13.9108000       15.0362768    
   18.2690296       9.18287277    
   10.7054205       7.80977488    
   12.7257318       3.43250036    
  -7.01847672E-02   10.1313524    
   3.04824495       6.23689747    
   4.07834959       6.73303795    
   5.00790024       15.4732037    
   1.18037105       15.9543200    
   6.17207766       4.38001871    
   2.64077902       2.78666782    
   4.27043104       10.6711788    
   16.7061539       21.4522533    
   8.14178753       1.90218651    
   18.0697327       9.95192432    
   14.9998856       3.66736579    
   3.02549982       13.9941778    
   9.26482773       5.53526068    
   6.22667265       19.1739902    
   9.59556103       3.80530643    
   12.0308485       12.6748161    
   8.43673801      -8.46368726E-03
   17.7241268       15.3974590    
   8.07906151       9.66183186    
   8.14336777       18.4195995    
 -0.658580422      0.972064912    
   5.12064028       8.80397511    
   2.65775824       8.46681309    
   14.7231255       7.20679665    
   20.1762772       6.51447582    
   10.9200106       20.5110626    
   20.2668076       7.41042566    
   4.39280605       1.10483539    
   1.41173697       10.4155703    
   15.8017473       3.94476628    
   15.5189209       5.31743670    
  0.856177866       2.02922750    
   4.74148369       8.48689651    
   18.5940990       11.3421526    
   21.1088219      0.387257785    
   7.20135689       6.36026955    
   15.3981752       10.9602652    
   2.71733165       9.34440327    
   9.15627575       16.7560577    
   16.7178288       3.38307548    
   13.9384747       18.6381187    
   7.52635622       11.9153671    
 -0.365949780      -1.06318307    
   9.23899078       5.04094458    
   4.92267323       14.0088797    
   2.68780112       16.3919811    
   15.0495319       18.6665459    
   2.69231915       5.36552954    
  0.824358761       14.7033596    
   11.2417364       9.68442249    
   14.5855932       11.6106758    
  0.411466271       10.7169895    
   16.2205620       21.2499447    
   4.38114882       2.84795189    
   9.63476562       1.69012523    
   18.6850948       14.2711811    
  -1.12850118       19.8166485    
   6.75520450E-02   4.79560661    
   11.4743576       5.18788052    
   4.66120672       2.11080027    
   3.55600739       17.9647770    
   10.9974566       4.27421618    
   4.29688311       10.4990892    
   5.01660013       11.6585188    
   15.6110439       14.1343431    
   6.16323280       5.20224953    
