   16.4137802       5.09133625    
   3.60125256       12.8391180    
   13.1677933       10.5949697    
   6.06035566      0.593304753    
   11.2990904       15.5860634    
   15.6869192       16.3978081    
   8.89606857       8.23733616    
   14.1563158       5.12892437    
   4.20238161       3.22310019    
   16.6588402       7.00944996    
   7.27493477       15.8305159    
   15.1149712       9.64554501    
   6.91127825       11.8164339    
   1.18825018       13.4717083    
   12.0157061      0.883498430    
   3.14778066       13.8332224    
   2.62263560       1.35719144    
   13.1420879       18.2434139    
   10.0636444       7.56371832    
   1.88920474       15.9171772    
   15.1168270       17.5027981    
   5.36370993      -1.17725778    
   15.0514383       10.6716633    
   11.1414070      0.843092680    
   6.93595695       8.70794773    
   12.3724279       2.59722257    
   9.95051384       12.3047066    
   3.87267399       10.4183025    
  0.642864227       12.2254829    
   12.8744173       15.4713116    
   17.6984215       8.89583778    
   8.72295952       7.16388226    
   13.7923403       4.65605974    
   1.78440082       11.8368349    
   2.39908338       5.81607580    
   2.98945546       7.05321264    
   4.03396511       17.6498013    
   3.05123401       19.1540852    
   7.12845945       3.64921045    
   3.04556465       1.39324832    
   4.81440783       9.80155945    
   17.0596256       20.4590759    
   5.25425386       2.00682044    
   18.2538815       10.0415344    
   13.5699453       3.25486183    
   1.01342666       15.5247936    
   10.6169224       6.35012770    
   6.40491056       19.2597275    
   11.4286003       4.32187557    
   12.4022532       10.7714987    
   6.53748894      0.235232517    
   16.7023201       14.6435785    
   8.86749935       9.46647549    
   7.47534418       18.2934418    
 -0.178281620       1.07798529    
   5.25691366       9.57535934    
   1.82360351       7.99515772    
   15.0978880       7.47910500    
   19.3332653       8.67212582    
   12.8810177       19.5202484    
   17.8774204       7.69643831    
   3.55519986      0.809089541    
   1.27059805       8.35084343    
   15.5993090       3.87513041    
   14.9001074       5.51754904    
  0.566314816       1.60506368    
   4.29769182       9.50694084    
   17.7139969       12.9888039    
   19.5191135      0.639874578    
   5.87418461       5.90658712    
   16.0510654       9.65860748    
   2.06785464       9.18934345    
   9.31315517       17.5742474    
   17.9186459       3.10326695    
   13.6750603       19.6056271    
   7.19874811       12.0972118    
  0.194096804      -9.26273912E-02
   10.8430510       5.73144960    
   6.24856186       15.5210438    
   1.88250732       16.4445210    
   15.5492878       18.3702888    
  0.416188538       5.79241896    
  0.250185609       12.2120485    
   12.8775606       9.42263889    
   13.3290558       9.13686275    
 -0.278322071       11.1943359    
   14.3856173       19.7174892    
   2.95925307       3.26841021    
   10.0363855      0.607292891    
   17.4739151       16.6810093    
   2.21360946       19.8314514    
   1.12362432       6.11772299    
   9.43716812       4.89774513    
   3.77790141       2.76977944    
   2.60363865       18.8822594    
   9.49963093       3.46755147    
   3.57278299       10.9229946    
   3.95462823       12.3835678    
   13.7354946       12.4906006    
   7.25917482       5.28267860    
