   14.3481884       3.13693166    
   6.27937269       20.2531815    
   4.59472656       18.3413620    
   19.9022827       19.0503769    
   5.84026289       16.0362797    
   15.1531315      -6.44749328E-02
   5.51745987       9.15493965    
   3.31867528       19.3905659    
   11.9163799      0.693857193    
   20.0233250       17.2793865    
   3.43385077       9.05663967    
   18.5633316       2.21442461    
   5.14707184       1.35248411    
   15.1729422       1.69737482    
   14.5940990       17.5290394    
   7.98720789       7.75105333    
  0.953843415       5.30285311    
   10.4413280       12.5929098    
   10.0803537       10.0722370    
   18.5116291       14.5439920    
   2.54657197       16.3482246    
   9.58249855       4.80586147    
   18.2541046       2.57922459    
   2.93067956       9.98117447    
   16.3576832       3.38809657    
   1.88280785       15.2780399    
   5.91196108       2.70791531    
   8.07779026       3.61165380    
   15.7870102       15.4341898    
   11.0183811       8.46531105    
   5.73405409       8.91306973    
   4.55566788       4.90834856    
   9.83047676       15.0952883    
   12.0090294       18.5818081    
   14.5465794       13.8930130    
   3.92159247     -0.169497222    
  -3.14333677       9.40549850    
   5.16629362       7.75323534    
   21.6003971     -0.187767625    
   16.9653435       9.09131527    
   19.2772293       12.5392523    
   13.6600609       2.58432865    
   6.37063122       6.98103476    
   14.0725870       14.8067417    
   13.8119173       14.6011362    
   11.0504112       21.7635212    
   2.37022734       7.44006205    
   6.39640617       9.18214798    
   8.74841404       16.5184593    
   7.01585197       3.38186526    
   13.9412193       3.90076518    
   19.2296391       19.0296288    
   15.0520840       13.4089642    
   12.9141121       18.5883636    
   16.1470623       9.65211296    
   8.13583279       7.55710173    
   19.1575317       15.8990107    
   13.1130610       8.00062847    
   20.1939754       12.2310753    
   15.3624668       20.0796566    
   20.2080212       17.7222672    
   1.40670180       12.8994465    
   10.3303852       7.90291595    
   18.1895695       12.0861816    
   10.2417068       15.4628410    
   1.43522382       1.39599264    
   11.4356451       18.5000458    
   5.71777058       14.2310228    
   11.6064663       17.8792362    
   4.05316353      0.358909220    
   3.00753188       7.70252800    
 -0.610588431       11.9189806    
   9.14906597       11.7222452    
   19.1018677       4.77198362    
   2.46581602       3.55359125    
   8.61445427       16.2822475    
   13.5273323       6.98838806    
   13.9961061       7.75716352    
   15.0790319       16.0496330    
   14.2494125       7.58582830    
   16.6372128       10.7651377    
   15.0709639      -1.07066011    
   11.2044964       1.87769985    
   17.1696987       1.96829784    
   9.19501781       17.7087059    
   16.9165859       4.46337509    
   16.8619652       9.41549492    
   13.2903996       5.35496473    
   8.47092342       16.9692745    
   11.2208281       12.5257454    
   6.12624025       15.3747549    
   15.1244068       3.41055679    
   20.7148380      -1.34109402    
   5.33709431       1.09968114    
   11.5519218       8.98060799    
   7.97639036       5.68537760    
   17.0180645       20.0279446    
   17.2659550       25.8514767    
   8.91549206      -2.68427873    
   10.1482334       6.20132303    
