   13.3934822       5.36431599    
   7.50607824       19.8511581    
   5.25292492       18.4401436    
   18.5990963       17.7129326    
   4.89816904       13.9776669    
   16.0219307       2.36382532    
   5.24646807       8.92231083    
   5.14664602       18.1807194    
   11.2223701      0.542193294    
   18.3671932       17.7205601    
   3.09969258       9.61894131    
   18.8319473       4.14687824    
   4.96519327       1.21194386    
   13.3485966      0.513594508    
   15.8559008       15.5593481    
   7.26552391       8.84013367    
   1.93500066       3.61308265    
   8.90551853       10.8259001    
   7.74304008       11.8646507    
   20.7224407       13.5351849    
   2.53218818       15.3090353    
   7.72853613       5.27016163    
   17.5670338       1.58658457    
   3.98430824       10.4470263    
   17.0046692       1.58676934    
   2.34431076       12.7631121    
   6.96723127       4.21867752    
   7.54725933       4.18406296    
   17.7281399       14.0970602    
   13.3404493       11.4488583    
   7.31360340       10.9476328    
   1.95145869       1.27722716    
   9.49436760       15.7247839    
   12.5256977       16.9232883    
   15.0467434       14.2171907    
   4.25631475      0.344856918    
   1.22338390       5.97247648    
   6.98923826       8.94855404    
   20.5014286     -0.853720367    
   12.9678755       8.36478233    
   18.8335438       13.1329460    
   15.5611992      0.122177996    
   4.63269615       10.3665085    
   15.0899277       14.9039078    
   7.71741152       14.6850996    
   12.5434017       19.5572548    
   2.14436340       8.84895229    
   7.30466604       8.95410061    
   7.89307642       15.7038803    
   10.8894253       5.69124794    
   14.9015360       2.95145655    
   18.5786724       17.6193886    
   15.3528490       13.6217833    
   12.0061083       17.8361950    
   14.6038923       7.26853466    
   8.37158680       2.92548442    
   18.9861507       14.9264822    
   11.7311897       9.36190033    
   18.3979454       12.3446054    
   15.0841665       19.3935280    
   18.1484070       17.8202629    
  0.686525285       12.2370176    
   10.4066315       5.22196817    
   13.4160423       12.3469687    
   11.5656233       16.7653656    
   2.87036538      0.418796033    
   7.31897736       19.6288643    
   2.40374589       12.8025942    
   15.8032951       19.3354721    
   3.41882586      0.196245775    
   2.41136265       4.06840801    
  0.815298080       9.79290199    
   10.1593313       9.71255016    
   19.4311581       3.45519090    
   1.41072237       4.24094200    
   8.43876457       18.1355629    
   12.8208981       7.15626478    
   17.1122971       7.46226358    
   13.2611694       16.1447906    
   15.4660683       8.67753887    
   17.5713749       9.89356422    
   17.4015255       1.83366811    
   9.33035088       1.04595792    
   18.7978687      0.345451176    
   9.48656845       14.4886904    
   14.2913885       7.97292757    
   17.3297825       9.00708294    
   13.7138510       4.11000156    
   5.33940554       16.9646606    
   11.8865595       10.8941898    
   7.64524889       14.1707516    
   12.9037523       3.13530517    
   17.2416458     -0.294313103    
   5.68050098       1.96379435    
   9.73601532       9.04904842    
   2.82945871       5.54394102    
   16.3163452       16.5817966    
   13.9210815       20.7406178    
   8.24286175      -1.20844233    
   9.11648941       8.00855923    
