   16.5817661       5.50205803    
   3.37344933       12.3977575    
   11.6955729       10.7519617    
   5.95368528      0.963485241    
   9.15828419       13.7478857    
   16.4618721       16.0083485    
   13.0869007       8.17293167    
   13.1064196       8.19145584    
   8.76306629       5.92508936    
   16.5951939       5.77455711    
   5.99690437       15.4520445    
   14.8116941       11.2007961    
   7.39122152       12.0018072    
   2.96625829       13.3090782    
   11.0202723       1.81096364E-02
  0.760999739       12.5464582    
   1.09535325      0.387077272    
   13.7999096       19.1868572    
   8.24753380       4.35224771    
   2.01766109       18.1544247    
   13.7129412       19.9674568    
   8.55617142     -0.392572403    
   14.5387020       12.5426855    
   8.61416435       1.85677719    
   7.34010506       9.13079166    
   12.2306099       1.29228306    
   9.44151211       12.8347998    
   4.42852163       11.1130018    
   1.72823381       10.9725475    
   13.9266043       14.3937197    
   20.2397537       11.0302172    
   11.9201612       8.96715164    
   13.0029507       6.26808119    
 -0.201329783       11.3247242    
   2.97145295       6.09103346    
   4.20035458       6.74869490    
   3.94320750       14.9527121    
   2.58532476       16.8652954    
   4.35013294       5.23262978    
   3.13283300       2.85810161    
   4.19293785       11.5360956    
   16.1348114       20.2040100    
   7.56028080       1.53220332    
   19.5431862       10.3042345    
   13.8756351       3.76318002    
   1.82566643       13.1080294    
   8.20939922       5.44595480    
   5.38336420       19.2595177    
   9.48934937       4.89214230    
   10.9479618       12.4146967    
   9.79231262      0.907289803    
   19.9723110       15.9674768    
   7.54253387       7.75015497    
   9.90612602       19.5473766    
 -0.502379954      0.516028762    
   5.98684263       9.65365410    
   2.57777119       10.8079720    
   13.7116680       6.84805584    
   19.3490963       7.46545124    
   10.9247141       21.8684692    
   20.6646423       6.14740610    
   6.11183167      0.823003948    
   3.90900016       11.4086323    
   16.1310997       2.50803137    
   14.4013472       4.59385633    
   1.24284172       2.81096983    
   5.35470581       8.97828579    
   17.5793591       9.65598488    
   22.6118183       1.23566115    
   7.66947746       6.15308857    
   16.7051582       10.1037607    
   3.16320753       8.89480591    
   8.22676086       17.7718563    
   16.4444122       2.38982058    
   12.0033388       19.6222324    
   9.15178776       15.2249098    
 -0.661970854      -2.55185437    
   9.26505852       4.50257349    
   6.09963417       13.7780867    
   3.31105423       15.2978783    
   15.6678219       18.4313087    
   1.54951751       5.86938000    
  0.740555525       14.7327156    
   10.3606653       9.21391201    
   16.1000557       11.7990503    
   2.83433127       11.6714420    
   17.3732853       23.1848736    
   4.63015842      0.674354076    
   7.17175055       1.20388329    
   20.4557762       14.8490467    
 -0.366226941       19.4861279    
  0.781568885       5.40521431    
   11.1753321       3.73641944    
   4.99572706       3.00073671    
   4.27069330       19.4451733    
   9.61385059       7.28783751    
   4.28253841       11.7487183    
   3.85471630       11.8825245    
   15.3518229       13.3829889    
   5.27900600       3.76904535    
