   16.0599613       5.00888348    
   2.96630192       13.4376411    
   10.1684208       9.57560539    
   6.78773785      0.212943897    
   11.4591084       14.3900185    
   15.3299799       16.3582783    
   12.1686430       6.56082582    
   12.7881212       7.18172121    
   5.74982357       3.69046664    
   17.4024105       6.49942446    
   6.89488983       16.5725517    
   15.1125240       11.5298939    
   7.30336857       11.8498402    
   2.76764560       14.4812317    
   11.9661007      0.251164883    
   1.66919553       12.8750668    
   1.36644912     -0.283679098    
   13.7158537       18.9431782    
   8.06024170       6.09187698    
   2.56671715       17.5787640    
   12.7341261       18.8958836    
   8.02660179      -2.19343424    
   16.0469475       12.6059256    
   9.71063328       1.71527719    
   7.17217350       8.46197796    
   12.4965897      0.851462543    
   9.39417267       12.7317457    
   4.10965729       10.8933878    
   1.48408103       11.5857983    
   13.2263536       14.6975451    
   18.7703381       8.85101891    
   11.4974880       7.83993244    
   12.5990000       4.19449806    
  0.461921513       10.3290510    
   3.28053284       6.33178616    
   4.51056480       6.87315178    
   5.33827877       16.5878334    
  0.726193070       16.1994591    
   5.43435001       3.92915487    
   2.74058962       3.05483150    
   4.06673336       10.5346184    
   16.3610611       21.3644238    
   8.14674282       1.41252398    
   18.2302818       9.61634064    
   14.6526937       3.88392138    
   2.72418976       13.9946928    
   8.84059238       6.09705257    
   6.20285416       19.0696468    
   9.66429138       3.51394606    
   12.3390789       13.0097666    
   8.69986057      0.489227086    
   18.3993568       15.2202663    
   7.78783131       9.15526390    
   8.17629623       18.5657692    
 -0.566517949      0.814684749    
   5.06105852       8.49440002    
   2.36562610       8.88287830    
   14.2908211       6.76636505    
   20.7035370       6.79389429    
   10.6004419       20.8059216    
   20.3169270       7.31982231    
   4.11575031       1.21298575    
   1.37742853       11.1807413    
   16.1954689       3.71949673    
   15.4046373       5.00202942    
  0.854132891       2.05189753    
   4.59434557       8.31446266    
   17.7830791       10.9979687    
   21.6368675      0.441878915    
   7.05131912       7.03624249    
   15.5111475       10.5819645    
   2.76214933       8.88961601    
   9.44837856       16.8361778    
   16.8926735       2.95135283    
   13.4283772       18.3694763    
   7.66848946       11.9711142    
 -0.821206629      -1.11278999    
   9.44382381       5.16340446    
   5.55547667       14.4928370    
   2.94311357       16.6163006    
   15.4559956       18.2204857    
   2.48613095       4.89586353    
   1.23037124       14.5960655    
   11.0744438       8.88285160    
   15.1558533       11.0122080    
  0.774415731       11.1114702    
   16.6405010       21.4502983    
   4.14785957       2.50704098    
   8.58890533       1.80500388    
   19.0587025       14.0783815    
 -0.979698896       19.5442657    
 -0.285383612       5.19523382    
   11.4375019       5.06426477    
   4.80729055       1.98055923    
   3.16063428       18.2636185    
   11.1541309       5.05790901    
   4.08204603       10.3207607    
   4.97402000       11.9998770    
   16.2124443       14.5974264    
   6.43772030       5.56793737    
