   16.5470028       5.72992802    
   3.38178158       12.4198532    
   12.6874037       10.9939346    
   6.27479982       1.22171986    
   10.8358307       15.5977783    
   15.6947536       15.7548466    
   9.31366920       8.00593376    
   14.0714226       5.28002882    
   4.71477604       2.78314137    
   16.2521114       7.38148546    
   7.78707266       15.1667852    
   14.8931503       9.09810925    
   6.98896027       11.7655392    
   1.55755854       14.2981520    
   11.9036198      0.975264072    
   3.41289091       13.1917171    
   2.40639806       1.45453358    
   13.5812807       18.2072430    
   10.5122814       7.91957283    
   1.87135744       15.6372557    
   15.4669666       18.0205727    
   5.52021456     -0.434610993    
   15.2154293       10.8898373    
   10.9908066      0.902403951    
   7.05332470       7.94139814    
   12.1893148       2.78901744    
   10.3993187       12.3455029    
   3.58504748       10.4267387    
   1.15780497       11.5544901    
   13.6512041       15.3980303    
   17.2773304       9.02766228    
   8.26285839       7.19451046    
   13.8847713       4.78222609    
   1.94692957       12.5133152    
   2.52091455       5.60529327    
   3.17557883       6.72288561    
   3.88573956       17.2463150    
   3.13936353       19.2531776    
   7.31425047       3.76641750    
   3.36925220       1.17707169    
   4.92317247       10.4826565    
   17.2858791       20.4598198    
   5.37482786       2.18841696    
   18.8493290       10.6227713    
   13.6706152       3.24752927    
   1.10118186       16.1073151    
   10.1595535       6.69375515    
   6.65694332       19.2256947    
   11.2560406       4.84847164    
   12.4971628       11.3254242    
   6.75082827      -2.09754729E-03
   15.9270983       15.1522665    
   8.94294071       9.65351486    
   7.21438837       17.9389896    
 -0.189854458       1.58451378    
   5.20621538       8.95112038    
   2.06088066       8.32632160    
   15.3926954       7.71137238    
   19.6268177       8.53802490    
   13.4806595       19.5704746    
   18.0256748       8.06149387    
   3.81161809      0.732867539    
   1.18409002       7.84431028    
   16.0077286       3.23738623    
   15.3154049       5.59766769    
  0.543188095       1.55615389    
   4.04649973       9.62759018    
   18.4573231       13.2082596    
   18.9977303      0.812466085    
   6.17760515       5.11151314    
   15.8853912       9.62099457    
   2.09054255       9.42391872    
   8.90871620       17.7971058    
   17.7063389       3.47988224    
   13.3938408       19.3776836    
   6.55292463       11.9470930    
  0.460620284      -1.99351925E-02
   10.4877157       5.09014702    
   5.99241495       15.6544285    
   1.72532988       16.8458042    
   15.1414804       18.4275932    
  0.962988675       6.14457607    
  0.206940442       12.2827215    
   12.9519091       9.56814575    
   13.0823393       9.31172466    
  -4.54883911E-02   11.8608818    
   14.9046745       19.5252171    
   2.49032807       3.42679572    
   10.6773224      0.231115654    
   17.1433086       16.6242161    
   2.69024444       19.6220570    
   1.39641762       6.65340757    
   8.97352791       4.58452988    
   3.76560426       2.58936000    
   2.61728382       18.9340782    
   9.99496651       3.55718470    
   3.76144814       10.8676949    
   4.14824152       12.6026621    
   13.7685232       11.9943819    
   7.40196609       5.58039331    
