   15.0715065       3.16722727    
   7.42371416       19.4875488    
   5.04740715       17.4987316    
   18.7601547       18.8000793    
   5.19074631       16.0174446    
   15.6430922       1.22977663E-02
   6.44519329       9.41935921    
   4.48615408       18.9139328    
   11.3036871      0.807504535    
   19.7251034       16.6183510    
   2.84228992       9.53863907    
   18.9252586       2.36941719    
   5.16646099       2.55198526    
   14.3945351       2.00937247    
   14.4647970       18.1039543    
   7.69261122       7.73554325    
   1.86047530       5.21421957    
   10.4237471       11.7161522    
   8.52438259       10.1593704    
   18.1153545       15.5470858    
   2.59839964       15.9017820    
   9.29374790       5.36970854    
   19.1684456       2.76964521    
   3.64476013       9.98408222    
   15.6342392       2.96285319    
   1.72624743       15.2297440    
   5.93070269       2.49789238    
   8.78091717       3.96367598    
   16.3196697       15.3662233    
   11.6532669       9.05253124    
   5.51039267       8.21440601    
   4.23312759       4.81213284    
   10.2944775       15.0581102    
   12.5708065       18.7207432    
   14.0710688       14.3024940    
   3.34953308     -0.388430715    
  -2.29456329       9.08012295    
   4.72826481       7.61343050    
   20.6065674     -0.992684245    
   16.5676479       9.88346577    
   19.7645855       13.2758083    
   14.5716848       3.14336157    
   6.07278347       7.29991674    
   14.7179813       14.5024557    
   13.3492403       15.3136282    
   10.8116961       20.5044346    
   2.84100914       7.37908936    
   6.61275339       9.41880894    
   8.46323967       16.7364693    
   6.89009094       3.59200764    
   13.3996830       2.98092341    
   19.5179424       19.3636799    
   15.2764502       13.8779125    
   12.8774881       19.3252544    
   16.3452454       9.00585175    
   8.56838131       7.31474209    
   19.9084339       14.8370762    
   13.7777166       7.61033726    
   20.4035206       11.5653133    
   15.5611525       18.9778728    
   20.4478092       17.5595589    
   1.81938040       11.7330008    
   10.6512156       7.32102633    
   17.8354073       12.2997942    
   10.0568752       15.3853817    
   1.84266043       1.88856411    
   10.9665222       18.9284916    
   5.56730986       12.9895182    
   12.5935478       18.3975563    
   3.61474204     -0.439688593    
   2.78254819       6.26245642    
 -0.794021368       11.5275726    
   8.67254162       11.1687088    
   18.8234901       3.89926314    
   1.87126076       4.02175570    
   9.42827511       16.1611614    
   14.2289371       7.14801168    
   14.2522964       7.28730345    
   15.4527426       16.2978783    
   14.4713221       8.29464722    
   17.6094055       11.9615488    
   14.4923658     -0.447962523    
   11.4961452       2.08755779    
   17.7851849      0.628628373    
   9.14811325       17.0593166    
   15.8925886       4.88904619    
   17.4395714       8.94718742    
   14.0566149       5.64165068    
   8.40703869       17.3614349    
   11.2043962       11.9417486    
   6.82409000       14.8801813    
   14.5272617       2.74972820    
   19.7633915      -1.29477453    
   5.49865961       1.47203732    
   11.4364882       8.62810421    
   8.34704399       5.69669199    
   15.8986588       19.2652569    
   16.9918804       24.6054592    
   9.80037498      -2.58339047    
   10.6120634       6.01705694    
