   14.1674013       5.23572111    
   6.19618988       19.2320347    
   5.76996517       16.7998219    
   18.9878635       18.0457535    
   5.50149822       14.3174744    
   14.3633051      0.469301015    
   5.92561960       8.37433815    
   7.63240385       17.3399620    
   12.1116848       6.53000250E-02
   19.7499962       17.7804298    
   4.13826466       8.76022720    
   19.2847500       3.47471166    
   3.85061502       1.54081213    
   13.4651213       2.01698971    
   14.2770739       16.3480816    
   8.43016434       8.38356876    
   2.00053740       4.08615112    
   8.44732475       12.4016294    
   8.72835922       11.0837469    
   18.8915806       13.9667912    
   3.55644798       14.4405851    
   7.78306341       5.17586327    
   19.3176842       2.54062009    
   3.98977017       9.76231766    
   15.9256697       3.04041624    
   2.84027052       12.7608747    
   5.62927485       2.69857335    
   7.52688313       2.44887924    
   16.6721497       14.5677137    
   12.8726263       9.53839493    
   6.72585297       9.78759861    
   3.43846130       2.29200172    
   10.4908161       14.8463364    
   12.2129717       18.1092052    
   12.6183128       14.4709234    
   4.02696943      0.377433449    
  -1.22628832       7.08757401    
   6.92833281       9.35416222    
   20.4311619     -0.956820667    
   15.6201982       9.47916126    
   18.8587322       12.3686256    
   15.4426403       2.53565502    
   6.51000023       7.64077282    
   13.9137783       15.9978027    
   11.1904125       15.4837055    
   12.0657263       19.9763680    
   2.15555215       6.90042877    
   6.47590256       7.75194073    
   6.38709307       14.9056358    
   9.23285103       4.22847986    
   14.1986370       3.16306472    
   17.0305481       18.2869701    
   17.2752266       12.7195377    
   14.0318565       19.9685574    
   15.2277899       8.08094025    
   8.76549911       5.43339252    
   19.8567162       14.6545639    
   12.6033497       8.67305183    
   21.3427238       11.2088766    
   16.5629768       17.6123829    
   19.3216763       18.8001862    
  0.261721432       12.3442249    
   10.7266531       6.67403030    
   15.1855030       13.9109812    
   9.59851360       16.5028381    
   2.09114170       1.14475203    
   9.10675526       20.5471897    
   5.45473385       12.0218544    
   13.5102663       18.6994267    
   4.44336081     -0.699897170    
   1.52719390       4.44523287    
  -1.36218524       11.0941048    
   11.4038391       10.0179863    
   18.4670067       3.86079955    
   3.02744126       3.88469720    
   9.80008888       16.4639244    
   13.2668581       6.34118366    
   16.7798824       8.20787430    
   14.4623461       15.7475405    
   14.9892082       7.02341175    
   16.9502106       10.7922153    
   15.8979015       4.69822325E-02
   10.6362400       1.13772905    
   19.2729244       1.77319670    
   10.0317507       17.4660358    
   14.6669569       7.47102261    
   17.1603298       8.72611618    
   13.3319101       6.24380064    
   6.78191566       17.0133400    
   12.9794636       11.9778128    
   4.48552036       14.3866472    
   11.9434252       2.05169749    
   19.2150021      -1.39495242    
   4.53365231       2.76507092    
   11.3371544       9.29012489    
   7.38353014       6.15642071    
   15.8630123       18.8184566    
   15.2130747       23.4090099    
   9.42262936     -0.785218120    
   9.98327827       5.97292519    
