   14.8245974       3.51116109    
   6.52505779       19.6303196    
   5.42934799       17.3710785    
   18.2912445       18.6305580    
   4.89066792       16.1140423    
   15.0528975      0.424180150    
   6.03963280       8.72778320    
   5.19339037       18.3697166    
   12.4060545      0.105810352    
   18.8446770       16.3661957    
   2.92342019       9.01572323    
   19.3735809       3.25098705    
   5.92664480       2.36613536    
   14.5770664       2.39153767    
   15.2540359       17.9498158    
   8.35680294       7.49145412    
   2.81693411       5.09182501    
   9.59318066       11.8646545    
   8.27490520       10.4257374    
   18.1756973       15.1549206    
   3.46197939       15.7389822    
   8.47523785       5.73236275    
   19.9943409       2.81930876    
   3.44652724       9.65869999    
   15.4906187       3.10245395    
   2.19105148       14.9021864    
   5.66745138       2.04526687    
   8.18024826       3.67764473    
   16.5817394       15.0610752    
   11.2022505       9.59469986    
   5.60575628       9.26041317    
   4.82304621       4.31385517    
   10.6168070       14.9484186    
   12.1801214       18.9017258    
   13.5494165       14.2129650    
   4.20120573     -0.619647205    
  -2.55325198       8.20538712    
   4.97650099       8.00128365    
   20.2062702      -2.39205527    
   17.2670135       9.51287079    
   19.5167751       13.1115770    
   14.9752178       3.11801434    
   6.55292034       7.47018099    
   14.7628031       14.8231688    
   12.6181040       15.0177908    
   10.6402168       20.4497871    
   3.10248423       7.55418158    
   6.14632750       9.93832207    
   8.44095039       15.5284452    
   7.35909796       3.82264352    
   13.8629103       2.71765661    
   19.4110222       19.7715359    
   16.2826385       13.7249756    
   12.9803677       18.7140064    
   15.9645071       8.52188206    
   8.24128723       6.80522299    
   20.5196857       14.6735554    
   13.4724054       7.83877945    
   19.8240910       11.3700123    
   15.9673481       19.1019325    
   19.2690544       18.0429478    
   1.42392087       11.9101343    
   10.6905499       8.16684818    
   17.8106594       12.3385391    
   9.88083553       15.3686123    
   1.69640779       2.17984438    
   10.1933517       19.0636387    
   5.40808582       12.5194254    
   12.5302105       18.9796982    
   4.55954838      -9.91586745E-02
   2.72388077       6.08068037    
 -0.946807444       11.1630859    
   8.99594021       11.1842690    
   18.6367569       3.27154207    
   2.22869182       3.60858083    
   9.18676949       16.2454185    
   14.0177612       6.89842224    
   14.5229235       7.65439463    
   15.2657557       16.5300827    
   14.3840237       8.15126991    
   17.7816944       12.0537119    
   14.2645531     -0.575440586    
   10.9201393       1.14612603    
   18.2155094      0.906708419    
   9.33557510       18.0931225    
   16.0712738       4.62061214    
   17.1087341       8.97821617    
   14.3440590       5.24600554    
   7.96536255       17.0582256    
   10.7875338       12.2126312    
   6.92549324       14.1832962    
   14.0998144       2.20079422    
   19.7561474     -0.747300863    
   5.90515804       2.04093409    
   11.9650536       9.30052948    
   8.34229946       6.38229942    
   15.3958082       19.8250694    
   17.1367111       24.9544334    
   10.3171511      -2.02987218    
   10.4941931       6.27097368    
