   15.0601597       3.38461161    
   6.78488016       19.8692341    
   4.74485445       18.1760979    
   19.2477798       18.7760277    
   5.45686769       16.0610523    
   16.1155071     -0.107542686    
   5.87050438       9.57052994    
   4.11070395       19.0992966    
   11.0561028      0.209885135    
   20.1364536       16.4828568    
   3.24892807       9.62653923    
   19.1607685       2.30624104    
   5.75681877       1.88688481    
   15.0909729       1.95300639    
   13.8908873       17.5429440    
   7.73432398       8.05462933    
   2.24268174       5.27109289    
   10.6948462       12.1423120    
   8.91851234       10.4490318    
   17.8826923       14.9564810    
   2.49455500       16.0245419    
   9.57909870       4.71251106    
   18.4318027       2.79190707    
   3.61236620       10.2183352    
   15.8077383       3.26102877    
   1.43172836       15.3409414    
   6.29028940       2.79278922    
   8.57733917       4.01908588    
   16.1723709       15.4967871    
   11.1656284       8.68275738    
   6.24824953       8.72280884    
   4.15281057       4.57775497    
   9.98640251       15.4277287    
   12.2159691       18.3259144    
   14.3689995       13.4845524    
   3.67113781     -0.470249206    
  -2.95946741       9.71969414    
   5.28174019       7.93226671    
   20.7001076     -0.235645637    
   16.2105179       9.20643520    
   19.7444000       12.5840921    
   14.1382542       2.73383498    
   6.15163469       8.01233959    
   14.4059458       14.6965446    
   13.7998304       15.1455927    
   10.5994444       21.1866360    
   2.35490823       7.73418093    
   6.33907127       8.82604218    
   8.94007111       17.1783905    
   6.96153784       3.58566022    
   13.4779606       3.49690652    
   19.5041084       18.8406658    
   15.6653404       13.7792082    
   12.4442568       18.7100391    
   16.6767426       9.38173485    
   8.83769131       7.41016626    
   19.3352852       15.0138111    
   13.6280985       8.16605949    
   20.4396954       11.6375189    
   15.5688801       19.4622459    
   20.3608932       18.0394859    
   1.94296110       12.1588163    
   10.2652321       7.33785343    
   18.1266861       11.8378239    
   10.1347256       15.4004850    
   2.08375812       1.45294774    
   10.9675131       18.3620052    
   5.51448965       13.4611893    
   12.3000345       17.7408428    
   3.70658112      -2.57051382E-02
   3.10192299       6.92117167    
 -0.557874441       11.6892653    
   8.93456364       11.4972715    
   18.7728882       4.07239628    
   2.08791351       4.24693537    
   9.44694901       16.0693951    
   14.2292261       7.01541138    
   13.8080120       7.23976421    
   15.6895294       15.9916897    
   14.1974487       7.77620792    
   17.3066463       11.3963537    
   14.7567577     -0.886073172    
   11.3294764       2.12851691    
   17.5898933       1.16670716    
   9.01583385       16.8637733    
   16.1721134       5.04236889    
   16.9813175       8.69838142    
   14.0457497       4.89605665    
   8.24001312       17.2338753    
   10.8607244       12.4654751    
   6.44814587       14.6348896    
   14.5949335       2.87987614    
   20.3429337      -1.58249140    
   5.11358500       1.01044929    
   11.6093416       9.13273239    
   8.04405499       5.69154072    
   16.0548420       19.3642960    
   16.8845940       25.2255497    
   9.36833477      -2.37074423    
   10.5585108       6.18758631    
