   12.9489326       5.18939304    
   7.76516056       19.8766003    
   4.98060560       17.4783192    
   19.0476742       18.6760883    
   3.54054594       13.5235138    
   16.7774715       2.33053899    
   4.69012785       9.55179405    
   6.02767611       18.4337635    
   11.4523849      0.605504811    
   18.3851585       16.7551651    
   2.52204108       10.1124430    
   19.1673698       3.88275933    
   4.73506021       1.74158096    
   13.1273413       1.02180231    
   16.3154716       15.6417627    
   6.54254961       9.21908951    
   1.57264638       2.92835760    
   9.87273312       11.0700541    
   7.93353271       11.2521448    
   20.4758263       14.0468979    
   2.12613320       16.4657116    
   8.27683926       4.80026484    
   17.0900288       2.17200422    
   4.08224154       9.89452171    
   16.7176685      0.305329531    
   1.88554275       12.1052513    
   7.12933207       4.26238537    
   7.86061954       4.01845837    
   17.1241169       12.8801785    
   13.9629393       12.0191231    
   7.09576035       10.5373144    
   1.96079636      0.919125140    
   8.02007580       15.7827435    
   13.3047085       16.8611755    
   15.0951281       14.2126837    
   4.18078947      0.143149465    
   1.99895549       5.64848995    
   6.49829054       9.49681187    
   20.5739555       8.87982547E-02
   12.7364178       8.39202881    
   19.6304150       12.4668388    
   15.6216011      0.423982471    
   4.93211222       10.1953154    
   14.9428682       15.4077711    
   7.93774509       13.9251213    
   11.6885262       19.2143421    
   2.38668847       8.41778469    
   7.42974138       8.94475269    
   8.46007729       15.8426456    
   11.5709534       6.73535681    
   15.4992886       2.64279723    
   18.5166264       17.9528103    
   15.0029440       13.8458652    
   12.0396681       18.0557976    
   15.0434179       7.70081091    
   8.57462025       2.49960542    
   18.1650181       15.2082453    
   12.0351343       9.20552063    
   18.4107189       11.9653692    
   14.6210728       19.5010490    
   18.1630669       18.2332153    
   1.94388962       12.3433876    
   9.94604683       4.67976379    
   13.6712914       13.5481329    
   10.8110123       16.8483524    
   2.15304661      0.475349635    
   6.93339491       19.3620472    
   2.50823832       13.5560732    
   15.6034088       19.4418888    
   3.18204641       3.70018184E-02
   2.39648175       3.71009421    
  0.780820668       9.83203125    
   9.70724964       8.74461842    
   19.4425240       2.91422963    
  0.764902294       4.21620655    
   8.30361557       17.2759190    
   12.3310118       6.61846876    
   17.5151749       8.19034386    
   13.0610456       16.8201599    
   14.8554420       9.14979362    
   17.2184868       9.14608097    
   17.8701077       1.63407564    
   8.66837120       2.05455470    
   19.0426407       1.46289182    
   9.97217274       14.4786682    
   14.4074640       8.19968033    
   16.7053967       9.84083366    
   13.9165497       4.74298334    
   5.63432217       16.8850193    
   12.6906500       10.4412079    
   8.62192631       14.4639397    
   12.8241663       2.63801575    
   18.3768921     -0.286874026    
   5.48111773       1.70345104    
   9.21251678       8.73487568    
   3.26705408       4.89290237    
   16.0750828       16.5485992    
   13.3929510       20.5109310    
   7.62244987     -0.660683334    
   10.2041960       7.22572947    
