   12.6973219       4.90181112    
   7.92860651       19.9156284    
   5.70958710       17.5415077    
   19.0022202       17.9782429    
   4.58886576       14.3336201    
   15.7921228       1.53233612    
   4.99293375       9.95642662    
   5.65092230       18.4978199    
   12.3295107      0.371902496    
   18.6649837       18.0748501    
   3.59584785       9.53131866    
   19.6628304       3.76038289    
   4.51490021       1.09212303    
   13.6344471      0.776036203    
   15.5692425       15.6587105    
   7.53568459       8.26943111    
   2.38953519       3.75182629    
   8.71703053       11.3303881    
   8.20733929       11.2382812    
   20.9165382       13.5839176    
   3.71772718       14.4646749    
   7.61865234       4.83466673    
   17.7085018       2.19838810    
   3.60511875       10.6025467    
   16.2216072       1.72704232    
   2.74367356       13.9256268    
   6.03385735       4.56698990    
   7.10924292       2.59662557    
   15.9785767       14.9668541    
   13.0829487       11.9920158    
   8.28878117       10.6075754    
   2.76663852       2.14250875    
   9.65677357       15.9622631    
   12.2563868       16.4728088    
   14.6513519       13.7550516    
   4.26724100     -0.520605981    
   6.43494353E-02   5.58005905    
   7.46760798       9.54811573    
   21.2814922      -1.69804943    
   13.5995808       8.46032143    
   19.3876095       13.5820646    
   15.3037710      -7.05162734E-02
   5.61956882       10.3964233    
   15.1890678       14.0012569    
   9.77747059       14.0009003    
   12.2018614       19.2687511    
   2.60445738       8.27326012    
   6.61186457       8.33414078    
   7.02076340       15.5637045    
   11.2035513       4.73857927    
   14.6235065       2.65307546    
   18.8604965       18.7196770    
   15.8360720       13.1199102    
   12.4310293       19.3856564    
   14.8111715       8.11506844    
   9.26851559       3.80717278    
   19.0891781       15.0754652    
   11.0225554       8.78991795    
   19.1065464       11.7102165    
   15.2750416       18.9528465    
   18.3117809       17.6573734    
  0.369161874       11.4654980    
   10.0231171       6.24764633    
   14.5204649       13.6378613    
   11.0247431       16.6938171    
   2.13280177      0.863296509    
   8.11774921       20.0648518    
   4.46358061       12.0028992    
   15.3928413       20.8810863    
   2.50707579      0.543231785    
   1.76308596       4.38394737    
  -1.01277673       10.5003700    
   10.7992401       9.76810932    
   19.0776863       3.60537767    
   1.08469331       3.48955464    
   9.44090176       16.7511711    
   13.0441561       6.93944931    
   18.9873886       8.26183414    
   14.4284649       15.9422245    
   15.4467392       7.88949919    
   17.2757206       9.08641815    
   16.4477711       1.08694577    
   9.44826508      0.807638526    
   18.4289742      -6.19098693E-02
   9.46540833       15.1439371    
   14.6924839       8.55919933    
   17.2993431       8.37302685    
   13.4308033       4.93766975    
   6.03238106       16.8170185    
   12.1988306       11.5597830    
   6.16728163       13.4472027    
   13.0577784       3.99522591    
   17.4191132      -1.50474048    
   6.53774786       2.43610358    
   10.6616507       9.55062294    
   2.82434916       5.15022802    
   16.6212597       16.7522316    
   14.8201218       21.8975906    
   7.98682499      0.143946216    
   9.50988388       7.90710926    
