   14.0010281       4.90294266    
   6.60317183       19.1689720    
   5.41226292       17.2875576    
   18.5138073       18.0014553    
   4.87981558       14.6696882    
   15.1298838       1.17840004    
   5.43889427       7.71002007    
   6.19284010       17.5275917    
   13.0435038     -0.968460083    
   19.6337433       17.0051384    
   3.94349885       9.03677940    
   19.3632526       3.76988840    
   4.30779171       1.88974106    
   14.1266193       2.64959860    
   14.3327417       16.5892792    
   8.30055428       8.61045647    
   1.42405498       3.84171176    
   8.93015480       12.6698084    
   7.67324829       11.5776539    
   18.5647297       13.4457397    
   3.83014321       14.3241329    
   8.56308937       4.86499691    
   18.9006119       2.19464946    
   4.23088694       9.63387012    
   15.8847466       2.91608834    
   2.64365745       12.7644472    
   5.15577412       1.79616392    
   7.98569345       3.62603021    
   16.9272861       14.8557549    
   12.0651960       9.63223362    
   7.43903732       9.79865837    
   3.73218775       2.54972124    
   10.7792168       14.4178848    
   12.7285213       18.5992260    
   12.6525955       13.8843365    
   4.00770569       4.11187038E-02
  -1.14171422       7.74628305    
   6.66449404       8.87071514    
   19.6399689      -1.03898585    
   15.1936035       9.02897263    
   19.4234600       12.4157276    
   15.4901199       3.05665469    
   5.94329405       8.40916348    
   14.0566559       15.7453928    
   11.7575626       15.8630619    
   11.8504095       20.5386887    
   2.50813699       6.82627916    
   6.30038500       8.84713745    
   7.40121794       14.9225082    
   8.63445950       4.14200687    
   13.9880753       3.18550825    
   17.7243233       19.1470833    
   16.8817959       12.4037676    
   13.5190897       19.7234917    
   15.9086580       8.06435490    
   8.47888851       5.42731953    
   20.4646778       14.1839123    
   13.3312531       8.65302277    
   21.1845551       11.4495363    
   16.3827877       18.4523354    
   19.8513889       19.1565952    
  0.457575738       12.7816896    
   10.9899359       6.34674215    
   15.2299252       13.6431026    
   10.1014843       15.7600183    
   2.16305733       1.99903095    
   9.45097160       20.4392986    
   5.98915911       12.4923420    
   13.2693300       18.2683964    
   4.65069294     -0.189342886    
   2.03695202       5.15691900    
 -0.938131690       10.8953381    
   10.7197971       10.0158005    
   18.6475658       3.58532572    
   3.07589364       4.05094910    
   9.41325092       16.3544903    
   14.4302168       6.69736195    
   15.5043192       7.81638384    
   14.7069521       16.5593376    
   15.8463697       7.73478365    
   16.8526154       10.9725389    
   15.0329142      0.678554535    
   10.1051712      0.935353577    
   18.2338448       1.65063608    
   9.67750072       17.3535595    
   16.0184879       6.37882185    
   16.9590855       8.91652298    
   14.1704712       5.82157135    
   6.46934032       17.4507484    
   12.7754745       11.8281059    
   4.76900053       14.8696527    
   12.4039202       2.39520073    
   18.6927071      -1.07779145    
   5.41298866       3.08905268    
   11.2950583       9.33891487    
   7.55555296       6.40026665    
   15.7062330       18.7845745    
   16.4340439       23.3450546    
   9.13710213      -1.11069262    
   10.2291145       6.26873589    
