   15.1321735       4.21598244    
   7.00076962       19.0693283    
   5.51447392       16.8407612    
   19.0193691       18.2714310    
   4.70377159       15.4804420    
   14.9242563      0.593124449    
   5.69503403       8.03962612    
   5.87492180       17.9669170    
   12.0950823     -0.519484520    
   19.4567757       16.2026653    
   3.62192917       9.25265598    
   19.1350346       3.37471628    
   4.65537500       1.73169327    
   14.6574392       2.44930148    
   14.6842728       16.8262882    
   9.08038902       7.99347496    
   2.10576773       4.41566038    
   8.68689156       12.3331985    
   7.02130699       11.2420692    
   18.9981403       14.6486750    
   4.19623899       15.3559752    
   7.93848991       5.64939976    
   19.6034946       3.03128672    
   3.28261209       9.47715282    
   15.8338976       3.71770644    
   2.32178140       13.8356295    
   6.26876307       1.54549277    
   7.56945753       4.40789413    
   16.1470890       15.2430210    
   11.0035868       9.47158718    
   6.22953129       9.59814548    
   4.59862185       3.71215892    
   11.2102909       14.2904682    
   12.4668589       17.6121349    
   13.0526266       13.9443064    
   3.76696754     -0.878211856    
  -1.67385972       7.96988678    
   5.70486689       8.54280472    
   20.4872322      -1.85123444    
   16.4729862       9.93805599    
   18.7737713       12.7054529    
   14.9750748       3.19839096    
   5.86397266       8.46296883    
   14.6222258       15.8128433    
   12.4113398       15.5830984    
   11.4254971       20.4189205    
   2.81665421       7.24865150    
   6.62643671       10.2392817    
   7.98288870       15.4437351    
   9.05494690       3.86543679    
   13.2244930       2.21195769    
   18.6604843       18.8369389    
   16.3644104       12.8877373    
   13.2747211       18.1971684    
   16.6414833       8.23365307    
   8.42081738       5.68019676    
   20.0929756       14.1836958    
   13.1983557       9.00287056    
   20.4970551       10.8349628    
   16.6155891       18.7570286    
   19.7006855       19.3340454    
  0.487439752       12.5118895    
   10.4658680       6.99699593    
   16.8153019       12.9271584    
   9.53457737       16.1953888    
   2.39599085       1.41655397    
   9.82131004       19.8213062    
   6.26091623       12.5631704    
   12.4043169       19.4050484    
   4.78464174     -0.916345417    
   1.86993170       5.69956017    
  -1.21104813       11.4227781    
   9.60604095       9.94851017    
   18.6048107       3.84906030    
   2.63512158       3.82998276    
   9.16846180       16.6430244    
   13.7269754       6.06382132    
   14.4688892       7.58930111    
   14.6060152       17.1318188    
   14.9786501       7.90973759    
   17.2524891       11.2542391    
   15.0147724      0.149409801    
   9.85749340      0.934220970    
   17.9679890       1.52877426    
   9.68352413       17.6061516    
   15.8240862       5.60911036    
   17.5987225       9.36139774    
   14.0562782       5.11407709    
   7.47468233       17.1942139    
   12.3574429       11.7047367    
   6.08407974       14.3383446    
   12.5216484       2.71102810    
   18.9853706     -0.861353934    
   6.06662941       2.43720579    
   11.9706564       10.2737732    
   7.85818672       5.66420984    
   15.9976845       19.1413326    
   17.0166054       24.0485783    
   9.62843132      -1.86861563    
   10.3411322       5.56117725    
