   16.3967552       7.75875378    
   2.98855519       12.1391430    
   9.62948608       10.7902555    
   6.59981155      -9.02813971E-02
   8.82493401       14.6103716    
   17.0723362       15.5164852    
   12.3715067       7.51324511    
   12.7205915       9.76572704    
   8.59581184       5.64336109    
   15.1222506       4.74213362    
   5.04411173       15.9819260    
   14.1224327       11.2668982    
   8.30208302       11.6437302    
   3.92760539       15.5755978    
   12.4975710      0.638113678    
   1.68941104       13.5703487    
   1.70020282      0.521209419    
   13.2679462       18.6326771    
   6.61484003       5.99741507    
   2.49150896       18.8009434    
   14.0521946       18.1335926    
   7.82401323      0.736780345    
   13.8423328       12.4686699    
   8.28349304       1.91286063    
   8.05797577       11.3210878    
   10.8502769       8.37048050E-03
   8.47730637       12.7802534    
   3.99109983       12.3171749    
   1.58901322       10.6979723    
   12.7371044       13.2880535    
   21.4990444       12.4431429    
   10.6741304       6.87516117    
   14.1483698       8.04864979    
   1.39469087       10.7502174    
   3.81469464       6.38777637    
   3.33408380       7.12285471    
   4.13224506       14.5884867    
   2.22566938       15.9505892    
   2.91594195       5.82208204    
   4.27346325       3.96549559    
   3.95434189       9.85797215    
   16.2944241       18.5950375    
   5.78014851       2.29874706    
   19.4157143       13.5021849    
   13.2632303       2.97335482    
  0.910338283       14.0464840    
   6.38516188       5.07228661    
   5.89664793       18.9621162    
   9.69084740       5.56532669    
   10.4519691       11.4211969    
   9.31077099       1.99211156    
   20.2143612       14.6758966    
   6.12896442       8.36080456    
   8.83825684       19.5683365    
  0.390604258      0.639309108    
   6.82062054       10.0173550    
   2.06021404       13.3706369    
   11.8079805       6.67725706    
   18.3067703       6.95244455    
   11.2596788       22.9271049    
   18.9815559       6.48365259    
   6.33700275       2.19743562    
   2.75610828       10.2479916    
   14.8353109       4.46276903    
   15.5412512       5.54687643    
  -1.06774199       1.66341209    
   4.88667679       9.00382614    
   15.7572470       11.8051262    
   24.8092136       1.66834831    
   5.38864470       5.66415882    
   16.0357132       9.74439621    
   3.10914564       9.27388763    
   8.26240063       18.6987591    
   15.0282059       1.53088009    
   11.1122360       18.9761963    
   9.47070885       14.2452583    
 -0.970585108     -0.739161491    
   9.17179394       2.92396522    
   7.87761688       14.8353186    
   4.20441723       16.5718040    
   16.7431126       17.6318207    
   3.13258934       6.84655762    
  -1.88113526E-02   15.1705904    
   10.5678158       9.82357883    
   18.3744698       11.0067406    
   2.35919237       10.4018059    
   15.8837519       22.6852207    
   7.54957819      0.893629432    
   7.56122017       1.52446389    
   21.0367432       15.3711071    
  0.692408979       20.9443188    
   1.07428873       4.28189850    
   12.0360222       4.45796061    
   3.77364707       4.25284815    
   5.43478394       20.8859825    
   8.32020569       6.74276876    
   4.84970760       12.8156300    
   3.20859957       11.8292341    
   15.6842442       12.9214363    
   4.07765770       4.78727770    
