   16.5817719       7.93771410    
   2.76072049       11.9252119    
   9.37009144       10.9945927    
   6.80367374       3.26096197E-03
   8.81703091       14.8077097    
   17.0790424       15.2891035    
   12.0474892       7.51104164    
   12.8908577       9.99099445    
   8.76266003       5.98865271    
   15.3397255       4.44323444    
   4.98653412       15.9067564    
   14.0787640       11.5422192    
   8.16644573       11.8849611    
   3.68516779       15.8660450    
   12.7106638      0.611405015    
   1.58718717       13.4242878    
   1.98316073      0.298287362    
   13.5546341       18.6630611    
   6.35052490       6.20614147    
   2.45899630       18.5361328    
   14.1889105       17.9205589    
   7.76847744      0.489798784    
   14.0714645       12.4315014    
   8.04071617       1.80851781    
   8.38398838       11.2551603    
   11.0386457     -0.292405546    
   8.17722130       12.5416842    
   4.14964294       12.6061220    
   1.30846763       10.9027863    
   12.9264593       13.2007608    
   21.3952045       12.6492424    
   10.3509417       6.53677797    
   14.0169115       7.76732635    
   1.47237694       10.4590063    
   4.13155603       6.18694448    
   3.33914161       6.93993568    
   3.83844662       14.4308605    
   2.45446467       16.0287361    
   3.13210678       5.79615879    
   4.57340145       3.81617022    
   4.21339703       9.70907784    
   16.3498936       18.6167450    
   5.58726311       2.29831243    
   19.1991749       13.7887373    
   13.4492712       3.01663089    
  0.670813620       13.9126740    
   6.24605751       4.95099640    
   5.78320122       19.0942268    
   10.0316410       5.83698940    
   10.4615984       11.4564009    
   9.20380020       1.79423440    
   20.1426296       14.4708853    
   6.33443213       8.10462856    
   8.49550343       19.3205814    
  0.210593045      0.656925142    
   7.12053871       10.1577702    
   2.25241446       13.1786203    
   11.4769192       6.67931318    
   18.6279526       6.99547577    
   11.0149975       23.1475143    
   19.0132790       6.46799040    
   6.12531042       2.51831675    
   3.09659886       10.4552298    
   14.5258980       4.63511801    
   15.8027792       5.85707521    
 -0.731240749       1.85794282    
   4.80086756       8.71304035    
   15.5182533       11.4633913    
   24.6149254       1.52217662    
   5.38298702       5.90520763    
   15.8472395       10.0733995    
   3.32117391       9.00687504    
   8.39876938       18.5016117    
   15.2421227       1.83709979    
   11.2128830       18.6970749    
   9.68150425       14.4262886    
 -0.722855568     -0.925919771    
   9.06699848       3.23306298    
   7.59161472       14.7317553    
   4.25442886       16.2606983    
   16.9120045       17.7078285    
   3.31007218       6.90262270    
  0.145522729       15.3139763    
   10.2327299       10.1072826    
   18.5682163       10.7270403    
   2.02214837       10.4832754    
   16.2077999       22.7866859    
   7.88780880      0.906326592    
   7.33903790       1.52057886    
   21.0891781       15.0925951    
  0.735318959       21.1982403    
   1.38207996       4.00282764    
   11.8914900       4.33032799    
   3.43807101       3.99516916    
   5.76705408       20.7673950    
   8.43988705       7.04759407    
   5.15023899       13.0923414    
   3.15589476       11.6299486    
   15.7044497       12.6388607    
   4.33691359       4.73377657    
