   16.4107285       5.88011932    
   2.98205876       11.9146795    
   12.5079775       10.8577299    
   6.81817579       1.05736744    
   10.6775570       15.3210068    
   16.0125046       15.1426668    
   9.59455967       8.76595974    
   13.9939528       5.40682650    
   4.49439430       2.59169841    
   16.6868725       7.69224691    
   7.54643917       15.3760900    
   13.9789267       8.81968021    
   6.96093845       12.1178455    
   2.05678201       14.4001379    
   11.7836790      0.595031023    
   2.11451507       13.3652544    
   2.93435168       1.43764579    
   13.6849327       18.9061451    
   10.5820951       7.47014952    
   1.48447645       15.8324347    
   15.2654467       17.3576870    
   5.78264332      0.172237456    
   14.7851362       11.2601566    
   10.7209301       1.29102659    
   7.87771273       7.82817698    
   12.8422413       3.53839183    
   10.2894926       12.4245615    
   3.42421508       10.6628466    
  0.743743479       11.1281328    
   14.0061140       15.7150631    
   17.4162235       8.71609116    
   7.97625446       6.86733627    
   13.3788462       4.54344940    
   1.37687194       12.5033779    
   2.93490863       5.74228573    
   2.27146387       6.88300323    
   5.03551435       17.5391541    
   3.09153891       19.0541954    
   7.71503782       4.42125463    
   2.99713159       1.52764726    
   4.18778706       10.2630510    
   17.2996998       19.9737816    
   4.85813522       2.49507236    
   18.1701088       10.1600428    
   14.1352758       3.79543614    
   1.13130450       15.4491739    
   10.9844427       6.47396612    
   6.69098854       19.2595921    
   11.0987434       4.35226822    
   11.7930107       11.5362587    
   6.14965916      0.143329352    
   16.5223331       15.7238073    
   9.27566719       9.27003288    
   6.86456823       17.9237537    
  0.383482039       1.43091023    
   5.26733208       9.19718075    
   2.45857096       8.75085735    
   15.3851795       8.18509960    
   19.2571106       8.24295902    
   13.4545317       19.6496906    
   17.8970394       7.90985632    
   4.11493492      0.598652542    
  0.536489666       7.05297613    
   16.3553391       2.59088898    
   14.6281471       6.20406294    
  0.651416540       1.83401787    
   3.96805573       9.73289299    
   17.6711292       12.7866611    
   19.4142075      0.822074294    
   6.11291790       5.33444691    
   15.7861938       9.87726593    
   1.70756948       9.93740559    
   9.13361454       17.5433731    
   18.0605202       3.91168880    
   13.8304777       19.6696777    
   6.74601507       11.9062462    
  0.711258113      0.324014902    
   11.1141567       5.11563730    
   5.79009867       15.6971264    
   1.13883734       16.9075279    
   15.1825380       18.5207005    
  0.693993270       6.07265806    
  0.425215125       12.1780081    
   13.0845289       9.49412823    
   13.2611370       9.46059990    
  0.558101892       11.9668684    
   15.8651972       18.5956287    
   3.17877245       2.64028430    
   11.0407944      0.973811388    
   18.1233292       16.5800667    
   2.49540234       19.4319363    
   1.12163436       6.71848726    
   9.92012405       4.34051180    
   4.16136885       2.75466108    
   2.77387905       18.9418945    
   9.36171722       3.21256566    
   2.90322995       10.7916517    
   3.65606594       12.5119371    
   14.3256531       11.9908781    
   7.24114561       5.26771879    
