   16.6145649       6.05986118    
   2.98295712       12.1851492    
   12.6050930       10.8638783    
   6.57464933       1.38774800    
   10.9644585       15.0285406    
   15.9490519       14.8543577    
   9.43876743       8.54178143    
   13.8009863       5.38320351    
   4.40678358       2.38028145    
   16.8528442       7.53171587    
   7.76657486       15.3145609    
   14.2441387       8.75620174    
   6.74441433       12.1946468    
   1.75391626       14.5532398    
   11.6653976      0.512339890    
   2.24060845       13.4210453    
   2.98858643       1.71342587    
   13.7569761       18.5698795    
   10.9246006       7.32180786    
   1.74058974       15.7573624    
   15.4716597       17.6012154    
   5.62375212      -4.85280901E-02
   14.9254932       11.0144501    
   10.5325994       1.29573905    
   7.73929739       7.73898220    
   12.6331825       3.38652754    
   10.3057995       12.7362928    
   3.15708280       10.8562593    
  0.992930353       11.2443790    
   13.6620646       15.3944092    
   17.5234222       9.04527473    
   7.99609327       6.56618643    
   13.7245913       4.57637835    
   1.40440297       12.7028189    
   2.96158886       5.64067602    
   2.61953068       6.57691383    
   4.73241997       17.6077423    
   2.87353730       19.0920944    
   7.79076576       4.31997204    
   2.77125263       1.40649736    
   4.14119911       10.4671516    
   17.1944885       20.2041950    
   4.70356321       2.57329750    
   18.1202469       10.4586582    
   13.8767872       3.44950795    
  0.823307991       15.7743721    
   11.0411520       6.39314318    
   6.45857716       19.5602989    
   11.0006361       4.47276354    
   11.9306746       11.3941975    
   6.11883163      0.253928840    
   16.4122734       15.9205389    
   9.02510452       8.95358944    
   7.14649153       17.9998837    
  0.212893188       1.22644722    
   5.17174149       8.94971848    
   2.33544683       8.40806675    
   15.3044233       7.98143816    
   19.4276524       8.43416786    
   13.3881702       19.5535946    
   18.2307091       7.73505306    
   3.85014462      0.427878976    
  0.703848898       7.39910221    
   16.2889214       2.93802190    
   14.9301386       5.94490433    
  0.774839044       1.86503506    
   3.85848451       9.49645233    
   17.4926109       12.7822247    
   19.2990799      0.782322109    
   5.90251255       5.66809034    
   15.6282206       10.0721855    
   1.62829375       9.77021217    
   8.95271397       17.6602268    
   18.0487289       3.63691783    
   13.5387526       19.6159019    
   6.72242069       12.0112553    
  0.677999377      0.255573034    
   10.8995581       5.32233667    
   5.45262527       15.3924389    
   1.46071076       17.0502205    
   15.2489805       18.4089890    
   1.02459931       5.90778494    
  0.348842114       12.3665543    
   13.3862982       9.47088337    
   13.5200739       9.45979309    
  0.307845384       11.8849726    
   15.8772964       18.6602077    
   2.89687991       2.85622334    
   10.9804459      0.937321007    
   17.8766918       16.5772705    
   2.43549728       19.4530678    
  0.804130554       6.51031256    
   9.57139778       3.99616098    
   4.00924110       2.43604183    
   2.55375767       19.0830173    
   9.29826355       3.44856977    
   3.20695543       10.8618622    
   3.46609783       12.4736986    
   14.3567019       12.0412540    
   7.49938440       5.43507767    
