   12.4561729       4.94402838    
   7.71455717       20.1009655    
   5.68310690       17.2330208    
   19.1783447       17.9101295    
   4.78896856       14.3336315    
   15.5471249       1.85270107    
   5.33209896       10.1280670    
   5.65935946       18.3307247    
   12.3559303      0.589539409    
   18.8045864       18.3890419    
   3.92697430       9.25876236    
   19.8891048       3.57602239    
   4.52150917      0.806435883    
   13.5852699      0.734301031    
   15.3431263       15.3826237    
   7.83375359       8.37107754    
   2.44578218       3.72168136    
   8.43548775       11.6592369    
   7.91649580       11.4650173    
   20.7118702       13.4466906    
   3.42303991       14.6393337    
   7.40834093       4.58956671    
   17.7310791       2.41113544    
   3.38355589       10.7973804    
   16.1157665       1.97673345    
   2.74993038       14.1010981    
   6.24582767       4.41792345    
   7.43281031       2.85534430    
   16.0894432       14.9160452    
   13.1370459       11.7181396    
   7.94956923       10.8106070    
   2.88335514       1.84620833    
   9.63450241       15.9083862    
   11.9196882       16.1501312    
   14.7969580       13.7670288    
   4.15263414     -0.866899610    
  0.394989222       5.34165573    
   7.64907646       9.44770718    
   20.9665394      -1.43600798    
   13.6776705       8.34960651    
   19.0806923       13.2938890    
   15.2381344      0.160214573    
   5.28481770       10.4432535    
   15.2837515       13.9949465    
   9.68143749       14.0789433    
   12.1480064       19.5126362    
   2.68261623       7.99953365    
   6.62590694       8.62148571    
   7.05940914       15.4848795    
   10.9146271       4.58969355    
   14.5949545       2.47563267    
   18.7798882       18.8554916    
   16.0097466       13.3325768    
   12.7027464       19.4498558    
   15.0159740       7.92138720    
   9.42785549       3.80682087    
   18.7628613       15.3407745    
   10.7797174       8.70786095    
   18.9732018       12.0403605    
   14.9564543       18.9413509    
   18.5033245       17.6491680    
  0.679632366       11.3712969    
   10.2164288       6.17716885    
   14.1792507       13.4581861    
   11.1256237       17.0185108    
   2.31188989      0.644311607    
   8.05450821       19.8977661    
   4.48220015       11.9140577    
   15.6271372       20.5546703    
   2.33018112      0.674118936    
   1.65134263       4.04555988    
  -1.26097000       10.4720707    
   10.8484325       9.78054428    
   19.0549889       3.38686180    
   1.14691389       3.70696259    
   9.17032433       16.8170261    
   12.9686394       7.06336546    
   18.6597691       8.55731106    
   14.4037657       16.0779076    
   15.4402437       7.76498222    
   17.1989021       9.15738392    
   16.7811470       1.25791430    
   9.73093128      0.677918732    
   18.3391933      0.288021177    
   9.74050713       15.2343931    
   14.5411043       8.84597778    
   17.1714954       8.16341114    
   13.7268009       5.18078232    
   6.18490267       16.7067337    
   12.3951921       11.7002544    
   6.32964182       13.3011723    
   13.1246290       3.88069057    
   17.2509289      -1.53123176    
   6.44859934       2.56982231    
   10.5508547       9.54802513    
   2.64504600       5.34426165    
   16.6152763       16.6464138    
   14.5411930       21.6495361    
   7.82499456     -0.164922342    
   9.69672966       7.60117197    
