   16.4349365       4.98768806    
   2.34671879       11.7981358    
   12.3889265       10.5943260    
   4.96148109       1.39115977    
   10.3023043       14.9891014    
   14.8150949       16.1488113    
   11.2086916       6.75323534    
   12.7341433       5.47740984    
   4.55210495       3.59355187    
   16.6719685       7.38184929    
   6.85405445       16.0330944    
   14.7589293       10.9574585    
   5.97968102       11.8859673    
   2.61549449       13.9775209    
   11.2939272      0.530353010    
   3.19373369       13.3484640    
   2.39737391       1.17567492    
   13.4539309       16.7983418    
   9.65610218       7.18809986    
   2.19984221       16.8783207    
   13.9493303       17.7873898    
   6.15641832      -1.23410571    
   16.1117229       11.6460762    
   10.7455978      0.955196261    
   6.86455822       9.17257500    
   12.6710739       2.00224280    
   9.06748581       12.5351620    
   4.49054861       10.6289606    
   1.02203953       12.3609943    
   12.7440348       15.8069534    
   18.9525261       9.40739250    
   8.28565788       7.47388649    
   12.4287729       3.89889860    
  0.820288360       11.1412458    
   2.70077658       5.23575354    
   4.05303907       6.90782928    
   4.98993349       16.6098804    
   2.17331719       18.4593582    
   6.75622702       3.46098399    
   1.76190436       1.04459500    
   5.29320812       9.72045898    
   16.1710587       21.2099533    
   5.90942860       2.47983217    
   18.1118908       8.84502506    
   14.1786757       2.92688680    
   1.52657783       14.5392275    
   9.20336914       6.00699377    
   6.31179857       19.6051121    
   10.6842146       4.83683252    
   11.4607639       10.3525295    
   7.57477093      0.174247563    
   16.3214951       14.2163725    
   8.01985264       9.52563858    
   7.40019941       18.3974590    
 -0.612513244      0.785920203    
   5.00788975       8.52640724    
   3.50765944       8.17507839    
   15.2947750       7.80051899    
   19.2721081       7.89279747    
   13.1879435       19.7163315    
   18.0320568       8.22525311    
   3.15541768       1.18359625    
   2.01298070       8.31085396    
   15.6715860       3.99491453    
   15.1396418       5.95913076    
   1.03537047       2.09692121    
   5.69175053       9.14011478    
   17.5297585       12.2567749    
   20.1409435      -2.38649901E-02
   6.68171358       5.35123634    
   14.7201147       10.4949560    
   2.54816818       9.33939362    
   8.92451191       16.8019466    
   19.4182053       2.83426929    
   13.3833590       18.5492611    
   6.31196737       12.7284927    
 -0.489031762     -0.952302575    
   10.2422333       5.47372675    
   5.48949623       14.5929508    
   2.11695790       16.9727802    
   15.3493710       18.0228672    
   1.07603681       6.88552523    
  0.568184853       12.8290901    
   11.5958509       9.98173428    
   12.8773756       9.30437565    
  0.372002691       10.1784925    
   15.2171593       20.3048096    
   3.91681504       3.23773146    
   10.3622179       1.23913538    
   17.8906994       15.8998652    
   1.32132471       20.2032661    
  0.390218765       5.98455524    
   11.0061178       5.38345003    
   3.86075497       1.89643192    
   2.62987208       19.4298725    
   10.6131849       4.25319004    
   3.91458726       9.88893700    
   4.82084084       11.8023405    
   14.8580341       13.3646708    
   7.25002527       5.18624830    
