   15.4350519       5.26619148    
   2.58105731       12.6424284    
   12.1075125       9.67171478    
   5.45179749       1.12305439    
   10.8660030       13.8026371    
   14.8297205       17.3807774    
   12.0583906       6.06028461    
   13.5585480       7.25002909    
   4.58445501       3.77601552    
   16.8498421       7.08813381    
   7.07210827       16.2651539    
   15.6059933       11.2203884    
   7.16415834       11.7893085    
   3.09118009       13.2155867    
   11.8641825     -0.278701633    
   1.50552344       12.7279911    
   1.03230762      0.686050117    
   13.6951990       17.9260693    
   8.90389824       7.03914833    
   2.66402173       17.3525715    
   14.2185316       18.6870003    
   6.63556433      -2.17616510    
   16.4790382       11.6333828    
   10.7349682       1.70976412    
   6.73296738       8.36125755    
   13.0552368      0.571847320    
   8.42526054       12.9136562    
   4.55786085       10.9164581    
   1.54332638       11.3126793    
   13.5889854       14.9349737    
   18.8513603       9.79053402    
   9.68099213       8.04741478    
   12.8450680       3.62939954    
  0.433836102       10.2544346    
   2.86803603       5.48936939    
   4.34197521       6.71945620    
   4.90400839       15.9829082    
   1.81924677       16.4839630    
   6.85451221       3.68545532    
   1.81855190       2.55821252    
   4.13235378       10.5192757    
   16.3402233       21.1041546    
   7.45104122       1.40958667    
   17.8281326       9.74341869    
   15.1086035       3.83347011    
   2.55680609       14.4611320    
   9.57844162       5.31433773    
   6.46547508       20.0902596    
   9.68129730       4.24649286    
   11.8130398       12.0676508    
   8.61284065      0.904419184    
   17.5822067       15.1905336    
   8.46429920       10.1903152    
   7.89555120       18.6521778    
  -1.25124681      0.106102705    
   5.52350950       8.73037815    
   3.18018007       8.28515244    
   14.5647097       7.32339859    
   20.4902058       6.94495201    
   11.7383728       21.2938633    
   19.9031429       7.94791031    
   3.47860813      0.534878731    
   1.28756320       9.92215824    
   15.8522511       3.85360956    
   14.9428339       5.42698812    
  0.364409477       1.80353200    
   4.38242006       8.68882656    
   18.1286049       12.4305725    
   20.4865780     -0.372573882    
   7.63457966       6.18646812    
   15.2926140       10.2145739    
   3.30667067       9.72518349    
   9.53703213       17.0610065    
   17.7008991       3.03208089    
   13.6283207       18.7258778    
   6.83050680       12.0321617    
 -0.216708168     -0.769379735    
   10.2570591       5.64188528    
   5.27152824       13.7819710    
   2.46460199       16.4249496    
   14.6236944       18.2826328    
   1.91303289       5.71649837    
  0.715225339       14.0231228    
   11.6044197       9.75406647    
   14.3393183       11.1244345    
  0.620807350       10.4074574    
   15.8551474       20.5697308    
   4.02117777       2.72707462    
   9.90629005       1.69091439    
   18.0502968       14.6624718    
  -1.03465199       20.2834911    
  0.228131384       5.47857428    
   11.8735638       5.18033838    
   4.33974361       1.40603018    
   4.15537930       18.1804638    
   10.9855223       3.29567766    
   5.30967855       10.9463024    
   5.23359013       11.2212610    
   15.6723747       13.7524538    
   5.58350277       5.84885216    
