   13.3015184       4.78544855    
   7.74738550       19.8279171    
   5.75518227       17.4719486    
   19.1009007       17.8217068    
   5.12007475       14.7923298    
   15.4653769       2.06853032    
   5.21974373       9.92479229    
   7.02322245       18.5956039    
   12.1419210     -0.124694332    
   19.1426888       17.7907505    
   4.50166750       9.78460884    
   19.5731087       3.05035734    
   4.88262749      0.858314753    
   13.5088129      0.898925662    
   15.3013802       14.6846571    
   7.41169453       7.46893311    
   2.08474112       3.76599455    
   8.94146729       11.4177999    
   8.74280548       11.1906643    
   20.2332783       13.2960978    
   3.47626042       14.7981558    
   7.83666801       5.24275064    
   18.0579853       2.59703755    
   3.09062219       10.8415308    
   15.8389196       1.93160546    
   2.44410372       14.0856533    
   6.02226162       3.87674665    
   7.27423906       2.35297251    
   15.6524448       14.7220440    
   13.2141037       11.3815117    
   7.76965427       10.6142006    
   2.81242347       1.89607537    
   10.0101013       16.1572285    
   12.3665543       16.2768707    
   13.9736357       14.2638884    
   3.50761485     -0.675031602    
 -0.387157440       5.81306076    
   7.28318930       9.24189854    
   20.9575520      -1.80941474    
   14.4591198       8.76464844    
   18.7707787       13.4138031    
   15.2162266      0.546307445    
   6.22806215       9.69236851    
   15.2959213       14.8210907    
   9.80660534       14.1008768    
   12.4253893       19.7262058    
   2.07057595       8.35594749    
   5.41793156       8.35694122    
   7.96152306       15.4029121    
   10.7327566       4.67249441    
   13.8239679       2.79784131    
   18.2999306       19.5083313    
   16.1362419       12.7737131    
   13.1205797       19.2638855    
   15.4334774       8.30934715    
   9.05972385       3.40824890    
   18.7330418       14.8465500    
   11.0963001       8.99862766    
   19.3431053       11.7533112    
   15.8701038       18.6458969    
   19.0280151       18.3474140    
 -0.109865755       11.3480844    
   10.1454067       6.92289591    
   14.3840771       14.4191093    
   10.4858160       17.3756466    
   1.96621740       1.02634811    
   7.58702755       19.0567188    
   4.62310171       11.7993526    
   15.1306229       19.7882805    
   2.93398857      -2.84550618E-02
   2.42748213       4.17960691    
  0.221428454       9.97132587    
   11.2401705       9.39844704    
   18.6068306       3.08060956    
   1.22084868       3.57159400    
   10.4350910       16.4797249    
   13.1344700       6.78222227    
   18.1829243       8.29603481    
   14.9837933       15.8848467    
   15.1217690       8.70386600    
   16.8804493       8.69672298    
   17.0872993      0.342846125    
   9.93688583       1.33571565    
   19.0943241      0.399859250    
   9.74066257       15.4420042    
   15.3986044       8.40964699    
   17.3004627       8.64436531    
   13.8070316       4.24664021    
   6.54240370       15.7768316    
   12.2624273       12.1067095    
   6.01944780       13.0438738    
   13.4759750       3.94032621    
   18.1087284      -1.92785847    
   6.03250742       2.64059424    
   11.1923714       8.67298698    
   3.67598081       5.39729500    
   16.3388786       17.5771351    
   14.6120110       22.3807049    
   8.75105476     -0.275897563    
   10.2097349       7.59732723    
