   14.5466194       2.85649347    
   6.50935555       19.9769421    
   4.55954218       18.1620522    
   20.0999870       19.1060638    
   5.52288485       15.9868526    
   15.3017235      0.192329645    
   5.71347237       9.44736195    
   3.64624262       19.6744728    
   11.7252331      0.463137209    
   20.1903782       17.0555611    
   3.19522953       9.32649422    
   18.5313911       2.22497153    
   5.49399137       1.45831883    
   14.9663115       1.38707507    
   14.3806801       17.4091244    
   7.82558155       7.83373404    
  0.974961817       5.42676640    
   10.5691566       12.8694983    
   9.80710888       10.3013496    
   18.3254318       14.2474813    
   2.59884691       16.0352840    
   9.64870167       4.55494928    
   18.2865734       2.53388500    
   3.25852156       10.1596460    
   16.1522121       3.08297062    
   1.55737042       15.3462076    
   6.15965509       3.02930045    
   8.38614655       3.54611588    
   15.8287506       15.5008593    
   10.8593636       8.62974548    
   5.96908379       8.81371689    
   4.78788185       5.06735945    
   9.66543770       15.1622562    
   12.0344677       18.3511009    
   14.2725286       13.6924477    
   3.64635253     -0.104956567    
  -3.27426291       9.29968548    
   5.23150063       7.85080528    
   21.3307686     -0.115820855    
   16.6648178       9.01566219    
   19.3555965       12.3160439    
   13.9588642       2.64752984    
   6.39095449       7.32577801    
   14.2421722       14.8368998    
   13.4729319       14.9332323    
   11.1933956       21.6052399    
   2.09007168       7.58052111    
   6.35976410       9.05127048    
   8.51369286       16.2638073    
   7.29103088       3.64095068    
   14.0401392       3.96759248    
   19.3863792       19.1228218    
   14.8772945       13.1602716    
   12.6620255       18.8195019    
   16.1779594       9.43641758    
   8.38089943       7.41328764    
   19.3214169       16.0237179    
   13.2721968       7.69234228    
   20.4849854       11.9376755    
   15.3969746       19.7592907    
   19.9530983       17.6869774    
   1.63131738       13.1545925    
   10.3573952       7.76016998    
   18.5274506       12.0412951    
   9.94403172       15.5469999    
   1.14657378       1.73842430    
   11.3102999       18.3492489    
   6.01560450       14.4878235    
   11.5183554       18.0146999    
   3.74705362      0.215702176    
   3.08927798       7.49812746    
 -0.555856705       11.9912319    
   9.24715424       11.9952927    
   19.0031986       4.50514174    
   2.60124993       3.84177279    
   8.90418530       16.6222820    
   13.8617687       7.21133089    
   13.9777012       7.41310358    
   15.3400278       16.1373348    
   14.1484470       7.27040911    
   16.4432755       10.7971849    
   14.7626953      -1.11030602    
   11.4338789       1.68247068    
   17.4139194       1.93806541    
   8.87096596       17.3653374    
   17.0758877       4.68933105    
   16.6626492       9.10855579    
   13.3824673       5.29579496    
   8.30251694       16.9157372    
   11.1652880       12.8007050    
   5.86414146       15.3230095    
   14.8978701       3.11619020    
   20.4597626      -1.59412265    
   5.41658592       1.01714087    
   11.3608055       8.82122135    
   8.22976589       5.55948448    
   16.9716835       19.7506428    
   17.0331841       25.8337002    
   8.86008835      -2.68782783    
   9.95633507       6.14409447    
