   14.1964922       5.11581087    
   6.61580515       19.5547314    
   4.83798265       17.5057278    
   18.5267334       18.0770836    
   5.72510338       14.3687086    
   14.7388487      0.931906760    
   5.54009628       9.36761951    
   7.56185865       17.7075748    
   12.6472492     -0.467877209    
   19.2920647       17.9596348    
   4.59818935       8.17445183    
   19.6841698       2.77467966    
   3.81607533       1.44587290    
   13.2827044       1.68047857    
   14.1972513       16.2175884    
   7.74847078       9.35243225    
   1.99956739       4.71283531    
   8.36872005       11.8885708    
   9.09065723       10.6988468    
   19.6287937       14.0024948    
   3.88649654       14.4125376    
   7.84500217       5.16418552    
   19.7224579       2.51785588    
   3.94199514       9.51758766    
   16.2562466       3.23899388    
   2.62299299       13.2805824    
   5.76800728       2.97093344    
   7.42311430       2.40573192    
   16.2494526       13.8821354    
   12.6295671       10.0571737    
   6.56871367       9.81672001    
   3.44347954       2.75293660    
   10.6419392       14.7921457    
   11.7730293       18.3487644    
   13.3477793       14.6498222    
   4.39447451      0.195563987    
  -1.17714024       6.86303949    
   7.19768000       9.39619637    
   20.5612526      -1.57453394    
   15.1945000       9.34593391    
   18.6640434       11.8454266    
   15.3764009       2.50007367    
   6.08755970       8.44263268    
   13.9776564       15.7659311    
   10.9931383       15.3667049    
   12.1791458       19.5395756    
   1.74793029       6.43078804    
   5.93341923       7.91831493    
   6.72192717       14.5232000    
   9.39345169       4.31936502    
   13.4517527       2.29987240    
   17.3384399       17.7277050    
   16.4163494       12.6372004    
   13.3353138       20.1108913    
   15.0650196       7.53557730    
   8.49302387       5.37309742    
   20.0659256       14.8995104    
   12.6264601       9.33470249    
   20.2169189       11.3151484    
   16.4380550       17.1038418    
   19.8487034       18.1684895    
 -0.219149128       11.4585276    
   10.2667389       7.23340368    
   15.4650049       13.4302855    
   9.91424847       16.7796288    
   2.73488903      0.484441698    
   8.55629635       20.5049400    
   5.55241919       12.1153316    
   13.9469280       18.7225590    
   3.71589279     -0.681211948    
   2.01374936       4.05195904    
 -0.441314608       10.6998444    
   11.5906782       9.43274021    
   18.7147884       3.05308008    
   1.74274743       3.66259742    
   9.34853745       16.4728527    
   13.7698250       6.16853476    
   17.5116081       7.96269035    
   14.3506975       15.6908560    
   14.4334393       7.87125349    
   16.6307545       10.2571239    
   15.7943478      0.571964800    
   10.9034796       1.41731763    
   18.5801830       1.07592022    
   9.19362736       17.1684742    
   15.0000124       7.67500877    
   16.6361275       8.22023201    
   13.1533318       5.72351122    
   6.51087761       16.6590557    
   13.1664867       11.7619896    
   5.10931349       14.1489239    
   12.1690464       1.70406795    
   18.6147842      -1.38891673    
   4.95331573       2.27034736    
   10.5174789       9.20315552    
   6.42370796       5.43259716    
   16.1681328       18.5745029    
   14.1943464       23.4585304    
   9.41494846     -0.306221217    
   10.3432255       5.79724264    
