   15.1008959       4.30506039    
   6.78857565       19.3814163    
   5.27277756       17.2605228    
   19.1451931       18.0953865    
   4.62839127       15.1410751    
   15.3094816      0.923938215    
   5.74523067       8.23976040    
   6.27428579       17.6717529    
   12.3464737     -0.480218410    
   19.6960392       16.8045330    
   4.07323694       9.43303490    
   19.1424255       3.79541659    
   4.39382458       1.99256301    
   14.1769390       2.13046789    
   14.4340172       15.9796429    
   8.71388435       8.62831211    
   1.62882698       3.68909407    
   9.12514210       12.3364468    
   7.67130280       11.6390295    
   18.8527622       13.8563786    
   4.54172516       15.0295448    
   8.21817875       5.39484787    
   19.1936836       2.35426641    
   3.46649837       9.19517708    
   15.5101023       3.31256819    
   2.09983635       13.6150389    
   6.31990719       1.60890067    
   8.20362854       4.11263657    
   16.6480503       15.2799072    
   11.8834095       9.72682953    
   6.60775805       9.64474297    
   4.03814268       3.92651057    
   10.7571344       14.2396259    
   12.2119198       17.6652775    
   13.5445805       13.6987486    
   4.02320576     -0.485421658    
  -1.68398988       7.74584341    
   6.12011957       8.55988407    
   20.1179676      -1.49649990    
   16.0368805       9.70105648    
   18.5853729       12.6729250    
   15.5456200       3.35942221    
   6.04095364       8.05522919    
   14.5533686       15.8498812    
   12.1891413       16.3692856    
   10.8790083       20.5242443    
   2.52048111       6.85801220    
   6.68587875       9.34108067    
   7.69463396       14.8544931    
   8.87509918       3.64565611    
   13.7227669       2.44626260    
   17.9657650       18.6259842    
   16.1163902       12.5699129    
   13.3038416       18.7648869    
   16.5845070       7.85549545    
   8.36999798       5.58700991    
   19.8816662       14.2402124    
   13.3939495       9.18640518    
   20.4980030       10.8849983    
   16.4815903       17.9144897    
   19.8768635       18.7019901    
  0.478903919       12.6291494    
   10.0029211       7.06334686    
   16.2526188       13.2573547    
   9.77768135       15.7749043    
   2.66652298       1.84824848    
   9.53707218       20.0937939    
   6.16661549       12.4344749    
   12.5514612       19.3076153    
   4.58694792     -0.852403879    
   1.60380602       5.81193447    
  -1.39885306       11.4879513    
   9.87209988       10.0473509    
   18.8186226       3.70922279    
   2.38243556       4.13854313    
   9.26772976       16.9073124    
   13.9086952       6.66006470    
   14.7176590       7.96616793    
   14.4476194       16.2527447    
   15.1149940       7.61813545    
   16.8713131       11.6410208    
   15.0558538      0.365623862    
   9.97004795      0.694094598    
   17.9392433       1.38471985    
   9.63266468       17.5456219    
   15.6550055       5.83677769    
   17.4780693       9.02045441    
   13.5633793       5.17669153    
   7.21109152       17.4859524    
   12.7032433       12.0369225    
   5.83511400       14.7464752    
   12.6046820       2.08637881    
   18.7930164     -0.478983879    
   6.34141874       2.48802233    
   11.5841894       9.65024567    
   7.93596935       6.03435087    
   15.6851816       19.4715405    
   17.1820583       23.7317429    
   9.29988098      -1.34963405    
   9.78482628       6.26057243    
