   13.2671280       4.32189560    
   7.76583576       19.6227741    
   5.05905151       18.2397480    
   19.0173531       17.4144192    
   4.65472221       14.5032072    
   15.2828693       2.79142237    
   5.76170588       9.25693130    
   4.94514132       18.1862717    
   11.8079777      0.189915299    
   18.4081821       18.0118160    
   3.82147264       10.1239624    
   19.7141495       2.98914146    
   4.64488602       1.38715339    
   13.3539658      0.211061195    
   15.2901869       15.0739746    
   7.69172335       7.87563276    
   2.78239250       3.75545597    
   8.97697067       11.3998165    
   7.38506222       11.6364918    
   20.3262901       13.6696215    
   4.23622894       14.9193459    
   7.31403399       4.79979038    
   17.5825043       2.56476474    
   3.84623218       11.5353518    
   16.9074116       2.19342613    
   1.83425140       12.6782446    
   6.19881916       4.24192762    
   7.78238678       3.21250820    
   16.3826618       14.3240004    
   13.3905020       11.5831461    
   7.83755016       10.2588129    
   2.21729469       2.04891109    
   9.15243530       15.9989185    
   11.7935181       16.7556820    
   14.6449738       14.5154037    
   3.74017859     -0.239076793    
  0.815565228       5.67103863    
   7.28765154       9.70464802    
   20.0731125      -1.27807093    
   13.3473597       7.40961742    
   18.4187832       13.3152475    
   14.7769976      0.321483135    
   5.15189552       10.1046801    
   14.0453329       14.5797091    
   8.85703850       14.6812840    
   12.9399242       19.6532669    
   1.86124945       8.47837543    
   7.40046215       9.12896824    
   7.75816345       15.8899527    
   11.1407557       5.57274771    
   14.8828840       3.01796818    
   19.8266621       18.3505402    
   16.0062714       12.7769403    
   12.9877815       18.8216515    
   14.9353361       7.56679678    
   8.87805462       3.56063247    
   18.8674812       15.8561239    
   11.3717241       9.17329407    
   19.1288948       12.7035618    
   15.3612137       18.7175865    
   17.9642067       17.8047142    
  0.354613602       11.6785498    
   9.62540150       5.47781658    
   13.4782219       12.1661530    
   12.0805206       16.1302528    
   2.39132786      0.158555761    
   7.91591454       19.5035591    
   3.83892703       12.5548334    
   16.0157719       19.9772320    
   2.98538661      0.627082527    
   1.81630075       4.57694864    
 -0.261845201       9.55667782    
   11.1608572       9.81705284    
   19.5549679       3.01620150    
   1.08211458       3.72891688    
   9.46827030       17.2059383    
   12.8211184       7.48359776    
   18.1346321       8.54444504    
   13.4212980       15.7111483    
   15.4022007       8.26885986    
   16.9420280       9.57719421    
   17.2182503       2.27665329    
   9.63363171      0.105727218    
   18.3099632      0.652920187    
   9.28650856       14.9563723    
   14.5938854       8.42162037    
   17.0313568       8.69703007    
   14.1466560       4.48376274    
   6.08283186       16.2797852    
   11.6427965       11.3213043    
   6.98596525       13.4524670    
   13.1972313       3.86951184    
   17.0887680     -0.522568405    
   6.57018948       2.76668763    
   10.0717678       8.53172970    
   2.85868788       5.47915554    
   16.1232300       16.9240189    
   14.8674765       21.3235264    
   8.36557770      -1.02467906    
   9.26789474       7.44925690    
