   16.4596386       4.49676132    
   2.90909243       13.5510416    
   9.87834835       9.97038937    
   6.07165003     -0.127368554    
   12.0454979       13.6950512    
   15.6877470       15.9607182    
   12.3958378       7.01720333    
   12.7868414       7.76809216    
   6.27102423       4.52482986    
   17.4515743       6.36271763    
   6.06740570       16.9623413    
   15.2095079       12.1859913    
   6.99063301       12.4204569    
   2.31610894       14.0880470    
   11.8327656     -0.290079027    
   1.40665114       13.0254354    
  0.552942812      0.358144701    
   13.4908209       18.9055977    
   8.62874699       5.62288857    
   2.28581333       18.4146519    
   12.0073423       19.0555611    
   9.01362514      -1.94385827    
   15.2055073       12.7350025    
   9.73772526       1.39431524    
   6.67574024       8.65996361    
   12.4327087      0.578054965    
   9.51889706       13.2132854    
   3.82108307       11.1217594    
   1.45614278       11.5908346    
   13.2943316       13.9743633    
   19.3886929       9.03863049    
   11.7202177       8.08673191    
   12.7582560       4.66871405    
  0.133239686       10.3893967    
   4.09464550       5.96796179    
   4.22137117       7.23905993    
   5.22146463       16.1576462    
   1.65379083       16.7846012    
   5.29288101       4.35560274    
   2.62696385       3.14472222    
   4.18396568       10.6902733    
   16.2422180       21.3935795    
   7.53967142       2.13262463    
   18.6810741       9.86198425    
   14.8358688       3.81961489    
   2.72954965       13.5616484    
   8.95678425       5.96304798    
   7.26762056       18.4689064    
   9.13515472       4.01074648    
   12.3066492       13.4912291    
   9.35207462       1.28684855    
   18.9188805       15.4512634    
   7.76319265       8.70857811    
   8.48937988       19.0742207    
 -0.544452131      0.266165733    
   5.68862057       8.92878723    
   2.83580041       9.53412628    
   13.4578428       6.92705536    
   20.4140377       6.97568083    
   10.5395393       21.1051922    
   20.1046295       7.39913368    
   4.52126169       1.61193419    
   2.47060180       10.6665707    
   15.9884863       3.75514197    
   15.3979387       5.08735847    
   1.17487776       1.84350467    
   4.58175850       8.01243305    
   18.0466537       11.5300932    
   21.5959949      0.740123868    
   7.14531612       6.71928883    
   15.5246000       10.5813971    
   2.86784887       9.35250568    
   9.06843376       17.7689610    
   17.0011597       3.25247908    
   12.8299837       18.6961575    
   7.54207516       12.8224115    
  -1.08128750      -1.69910872    
   9.00387669       4.79394913    
   6.29862928       14.1086464    
   3.22530079       16.1130390    
   15.4158802       18.3040295    
   1.85675383       5.26694918    
  0.991880119       14.8592978    
   10.7662392       8.44764709    
   16.0198250       11.2004414    
   1.45836699       11.2422600    
   16.6904373       21.5760860    
   3.73343372       2.67089915    
   8.50617886       2.10681438    
   19.4176140       13.8134394    
  -1.23379552       19.4518604    
  0.170943007       5.24518824    
   11.3438044       5.12578201    
   4.70455599       2.04216933    
   4.43230057       19.1412716    
   10.6238213       5.80863810    
   4.47509193       10.3513937    
   4.45825481       12.2443142    
   16.4423981       14.5956831    
   6.78211546       5.07417440    
