   16.1108131       5.07218790    
   2.10634255       12.3171921    
   12.2425804       9.42309761    
   5.20540571       1.50411057    
   11.0135765       13.7711477    
   14.7568970       16.8317528    
   11.6075487       5.74790955    
   13.7007971       7.34521389    
   4.71105242       3.73783588    
   16.4533405       6.81828737    
   6.49685907       16.5105667    
   15.4551125       11.2544422    
   6.85998154       11.1378832    
   3.40522122       13.3735676    
   11.5046930     -0.198000386    
   1.80110395       13.4258099    
   1.84595323      0.599819362    
   13.7618647       17.3082714    
   9.59858131       7.42539549    
   2.40349984       17.3682327    
   14.4783802       18.2302589    
   6.76450253      -2.16406417    
   16.4169998       11.6071110    
   10.5224018       1.67164183    
   7.29583931       8.71279049    
   12.2785053      0.399197221    
   7.99238968       12.1561728    
   4.23337078       10.7951355    
   1.10118234       11.8261480    
   13.3662882       15.0884132    
   19.7087173       10.0204840    
   9.70491219       7.95037079    
   12.6319370       4.47555351    
  0.485053986       10.3426228    
   2.83767128       5.14259577    
   3.81637764       7.39077282    
   5.12850189       15.7167044    
   1.66297734       16.8621807    
   6.84833002       3.13075089    
   1.77693772       2.24727416    
   3.60772467       9.66636848    
   16.1281013       21.6134834    
   7.22375250       1.39200473    
   17.8229866       9.63365650    
   14.7925844       3.81593537    
   1.96337342       14.4762850    
   9.51546001       5.47428417    
   6.22855377       19.9754753    
   9.54982185       4.82887030    
   11.4081402       11.5990000    
   8.58881378       1.22583139    
   17.3200111       14.8478260    
   8.12899017       10.0769196    
   7.92291021       18.4680328    
  -1.73391163      0.478734583    
   5.82666397       9.00489044    
   3.93560028       8.48991489    
   14.5221815       7.36047125    
   20.3806534       6.81249475    
   11.9460974       20.7828503    
   19.0926208       7.62453699    
   3.69056010      0.909585714    
   1.27750242       10.2069530    
   16.0155354       4.19843340    
   14.8437901       5.54226017    
  0.270981252       1.96269405    
   4.88481951       9.09737206    
   18.7486782       12.0378466    
   20.7422867     -0.671529472    
   7.93571711       6.03210115    
   15.3200226       10.8151426    
   2.94785523       10.3526678    
   9.46218109       16.8632660    
   18.4605904       3.04394460    
   13.6757812       19.0575161    
   6.67043114       12.1341305    
  -7.16419294E-02 -0.339143157    
   10.2031231       5.28988886    
   5.31800795       14.1846247    
   2.31534028       16.4387455    
   14.6042471       18.9394989    
   1.83798897       5.85367393    
   1.16247547       13.5308895    
   11.5516529       10.0232382    
   14.3790846       10.7051296    
   7.51578659E-02   9.72862625    
   15.8500690       19.9771309    
   4.36082268       2.53847504    
   10.1443939      0.810231566    
   18.3315506       15.1173782    
 -0.778794169       20.3473797    
  0.640041053       5.80942535    
   11.6422434       4.83014441    
   4.27948856       1.74067748    
   4.01428652       18.6518021    
   10.8898153       2.86794519    
   5.00760889       10.6173420    
   5.38147354       11.6270809    
   15.6952066       13.9033947    
   5.23510265       5.96220684    
