   13.2092686       5.06583548    
   7.23318005       19.5341263    
   5.43754482       18.4722786    
   18.8954449       17.5894089    
   4.62575531       14.2430725    
   15.8461933       2.32905054    
   5.40386868       8.73039055    
   4.89880371       18.1485767    
   11.1081028      0.274706244    
   18.2453747       17.9508667    
   3.33809805       9.95312214    
   19.1543007       3.83183503    
   4.79347420      0.875602186    
   13.5532331      0.734700143    
   15.8991575       15.3727570    
   7.06927538       8.61736107    
   1.67540812       3.44074821    
   8.69015217       10.9123058    
   7.73201180       12.0903206    
   20.4731731       13.6519480    
   2.86178851       15.1110802    
   7.59496021       5.46186638    
   17.8672142       1.87883747    
   4.25088167       10.4252748    
   17.2077522       1.72646487    
   2.15397239       12.9042768    
   7.01398563       4.33961201    
   7.80034399       4.04249573    
   17.3920631       13.9771776    
   13.1494293       11.2202787    
   7.32323074       11.0510426    
   2.09544230       1.53235161    
   9.42212582       15.9617662    
   12.2745552       16.8882008    
   14.7920799       14.2904882    
   4.12147427       4.73442934E-02
   1.22596574       5.90904236    
   6.97088289       9.14521027    
   20.1879272     -0.827515841    
   13.3076248       8.23379326    
   18.7269592       13.2671394    
   15.6443806     -0.193754792    
   4.80507803       10.6551561    
   14.9141378       14.6922169    
   7.87849283       14.5340405    
   12.6265287       19.5134869    
   2.15307331       8.54058552    
   7.30938005       9.19059277    
   7.84762383       15.4682350    
   10.8612928       5.46058416    
   14.9101162       2.70292211    
   18.8115406       17.9330349    
   15.5365677       13.5997620    
   12.1502523       17.9997196    
   14.8363485       7.30861187    
   8.58642578       3.21606636    
   18.9493427       15.2034340    
   11.4834976       9.26539993    
   18.2722683       12.1665239    
   14.9327097       19.2526913    
   18.1155453       17.7636681    
  0.789576352       12.3181877    
   10.3174143       5.44223595    
   13.0902147       12.2293186    
   11.8647556       16.5861359    
   2.55142474      0.747683883    
   7.65989399       19.9488087    
   2.67178679       12.6641455    
   15.7789497       19.3519135    
   3.48158693      0.267803341    
   2.50339127       4.27196550    
  0.466722250       9.49061489    
   10.3569403       9.95988274    
   19.1060638       3.29127383    
   1.53499699       4.45924187    
   8.42654610       18.0123844    
   12.6199856       7.40630102    
   16.9114780       7.73852921    
   13.3928165       16.0610161    
   15.7024822       8.43793011    
   17.4703693       9.76151562    
   17.4756298       1.77264035    
   9.44525719      0.811610579    
   19.0223141      0.603690743    
   9.51439095       14.7007799    
   14.6202869       7.72690248    
   17.2651386       9.20365429    
   13.9911985       4.43603897    
   5.24572802       16.6918774    
   11.6485071       10.8085012    
   7.50641537       14.2272196    
   13.0657244       3.28852820    
   17.0060425     -0.149876058    
   5.77590847       1.86028707    
   9.95524788       8.89523315    
   2.57049537       5.62785769    
   16.2137241       16.8760605    
   13.8918400       20.8069611    
   8.24799252      -1.24526429    
   8.84743118       7.88469982    
