   14.7383833       2.82370305    
   6.19903946       19.4993095    
   4.58962440       18.5061512    
   19.9889832       19.8377895    
   5.34189177       16.1535091    
   14.2503624     -0.890236676    
   5.46908474       9.76120281    
   3.36330986       19.6146545    
   12.2793894      0.394043744    
   19.9092808       17.6784382    
   2.02019930       9.40000153    
   17.6541214       1.84892309    
   5.20523167       1.36729014    
   14.6252861       1.50328422    
   14.6317911       17.2954159    
   8.49792004       7.26976585    
  0.645943761       6.04995871    
   9.66857052       13.0961800    
   9.89134121       10.5220003    
   18.3611355       14.0956869    
   2.65985203       16.5765667    
   10.1618490       4.19032955    
   17.3100166       3.09904456    
   2.56917167       10.4227047    
   17.2031517       3.34869838    
   1.98003817       16.0151482    
   7.02325010       2.68169475    
   7.84991741       3.20390368    
   16.7155609       14.5524035    
   10.5784235       7.89999056    
   6.73089600       8.96535778    
   5.02687502       4.57975245    
   10.7078028       14.4337320    
   12.3794365       19.3295612    
   14.1877899       13.9613171    
   3.28294325      0.422754019    
  -2.73357964       9.18608856    
   5.49580479       8.11679935    
   21.5686321     -0.468868703    
   17.0062370       9.58814621    
   19.2892418       12.4958134    
   12.6578178       2.70599961    
   7.36360455       7.32880306    
   13.3518209       14.1209793    
   14.0022354       14.5936012    
   10.7866783       21.8440838    
   1.86491752       7.45078945    
   5.48541832       9.66545391    
   9.25314140       16.8766441    
   6.34436798       3.44325089    
   14.5093145       2.96330714    
   18.8677540       18.2475986    
   16.0970173       13.0612659    
   12.3233271       18.0558205    
   15.5169201       10.2514858    
   9.08379936       7.22269201    
   19.8149433       16.0838432    
   13.3630924       7.53222847    
   20.6425629       12.5851154    
   15.5130758       20.0637627    
   19.9221439       18.0250111    
   1.54941499       12.8766823    
   10.2702599       8.23796844    
   18.2249832       12.0319633    
   10.2881765       15.0805712    
   1.85127151       2.25024581    
   10.9120426       19.2626514    
   5.78888130       13.4081087    
   13.2548475       17.3934517    
   4.24580193       1.01048684    
   3.79591298       7.11000395    
 -0.989147604       11.9587364    
   9.82416916       11.0484924    
   19.6969471       4.03327274    
   1.75376165       3.20231700    
   9.06986618       16.1152020    
   13.8166580       7.04271889    
   13.6246176       7.18155956    
   14.8818531       15.7970743    
   14.9375238       8.62112236    
   16.2107983       10.7770433    
   14.2625456      -1.76208925    
   10.9422560      0.798633814    
   17.3302155       2.45141554    
   9.32625580       17.1800442    
   15.7709846       5.03991508    
   17.5383053       9.32335854    
   14.2026167       5.55718708    
   8.77693176       17.6809540    
   11.2334518       14.0808067    
   6.84031296       16.1536350    
   15.3438368       4.02562857    
   20.1770325      -1.14780676    
   6.13657713       1.75837231    
   11.5761604       9.31794643    
   7.49801683       4.96748018    
   16.3301411       20.5072975    
   16.4060974       25.1861572    
   9.78105831      -3.58684850    
   11.0480270       6.77671337    
