   15.2515907       4.20852137    
   7.31685114       18.9021816    
   5.16027069       17.0477905    
   18.6364632       17.7538109    
   4.99635506       15.4455395    
   15.3491259      0.492654204    
   6.02400303       7.84913349    
   5.37578773       17.9237156    
   12.1111307      -4.80371006E-02
   19.5201149       16.6416836    
   3.34150028       8.77895927    
   19.0382061       3.38144660    
   5.04685545       2.05208802    
   14.5698586       2.38043141    
   14.0993061       16.9430199    
   8.93445110       7.71718884    
   2.06251025       5.02145624    
   8.87248802       12.8266125    
   7.31070948       11.0879927    
   18.9307919       14.7895460    
   4.14434576       15.7218628    
   8.29402256       5.58228779    
   19.2574387       3.24648809    
   3.16446781       9.78408241    
   15.9669800       3.50619125    
   2.39448333       14.0118933    
   6.10254765       1.25032902    
   7.64389038       4.66978502    
   15.9446402       15.6324711    
   11.3331232       9.09086227    
   5.83000469       9.31837273    
   4.72536087       4.25249481    
   11.5964451       14.2210093    
   12.1709824       17.8257523    
   13.1741199       13.8713388    
   3.76024032     -0.876625538    
  -1.77209699       8.55038643    
   5.59441233       9.02899265    
   20.5579700      -1.84486294    
   16.4993954       9.78292656    
   19.1329041       12.8311586    
   14.7652836       2.99296713    
   5.82571983       8.73594952    
   14.3508673       15.8617077    
   12.1103668       15.1021004    
   11.5127783       20.3101768    
   3.38173509       7.37608194    
   6.37020826       10.6055193    
   8.19561958       15.3724184    
   8.64199066       4.34959602    
   13.0381556       2.67177272    
   18.7645912       18.6922951    
   16.1344280       12.9369326    
   13.4170532       18.1008606    
   16.5927868       8.09508801    
   8.13023567       5.98557663    
   20.6349144       14.1677866    
   13.5130711       8.72386742    
   20.0057888       11.0464144    
   16.6695366       19.2149982    
   19.6967087       19.4725780    
  0.605662346       12.2178011    
   10.6635351       7.28419304    
   17.2582760       12.8953352    
   9.66076088       15.7800980    
   2.74352431       1.15599692    
   9.87729836       19.3170204    
   6.24280834       12.4220476    
   12.9140282       18.9253769    
   4.51603174     -0.810116291    
   2.24695468       5.43313360    
  -1.01236427       11.0272789    
   9.47681236       10.1336517    
   18.8008289       3.78595781    
   2.45991421       3.97605586    
   8.95535851       16.8419628    
   13.3104019       5.94412899    
   14.3791895       7.44952202    
   14.9781971       16.9175301    
   14.7336121       7.66794872    
   17.1390514       11.2003746    
   14.4285908     -0.333852202    
   10.0841208       1.23921907    
   18.0661945       1.13604593    
   9.56304932       17.8343906    
   16.1252155       5.55164146    
   17.9879894       9.56623268    
   14.2801437       4.81022406    
   7.89871740       17.0074844    
   11.7807627       11.8061762    
   6.25146723       14.5789680    
   12.7441988       2.29960108    
   19.2843895     -0.901245594    
   6.40541220       2.67913890    
   12.2356997       9.75544643    
   7.87939596       5.72951841    
   16.1873112       19.4442635    
   16.8113499       24.3650799    
   9.67551422      -1.42597342    
   10.3019505       5.17125082    
