   12.6420832       5.85007811    
   7.34983158       19.8243847    
   4.79948139       16.9219952    
   18.7359657       18.5702572    
   3.52416587       13.3676033    
   16.9206657       1.96877801    
   4.44652128       9.88783646    
   5.24428844       19.1492691    
   11.3515329       1.03538275    
   18.5753460       16.4863148    
   2.28017759       9.81394100    
   18.7034836       4.31095695    
   4.44123363       1.74250066    
   12.6449938      0.811255813    
   16.3708115       16.3845825    
   7.11362505       8.99066448    
   1.63351738       3.11592054    
   9.69402981       11.1463261    
   8.04867935       10.7267618    
   20.0311451       14.5715332    
   1.64299357       16.8474426    
   8.35525322       4.15897846    
   16.5813541       2.08015561    
   4.32343245       9.72568607    
   15.8618069      0.378937960    
   2.06037211       11.3962774    
   7.39781284       4.15043163    
   7.44585514       4.12630558    
   16.5807076       13.0471859    
   13.8553896       11.9524527    
   6.85569954       10.7691412    
   1.53235447      0.961834788    
   8.19028187       15.6469135    
   13.7472582       16.9036884    
   14.3920050       13.8436508    
   3.96488786      0.379970461    
   2.43078804       5.91385221    
   6.42053652       9.20728207    
   20.1167145      0.162091181    
   13.1858644       8.86786747    
   19.7921886       12.4240808    
   15.5703564      0.519389391    
   5.32958508       10.4745169    
   15.1407099       15.8016167    
   8.21262455       13.9653282    
   11.4505558       19.1022453    
   2.55003405       7.89523935    
   6.96036100       8.79331875    
   8.37921524       15.3896046    
   11.5499783       6.36572456    
   15.2552509       2.40790796    
   18.4868546       17.8763924    
   14.9419327       13.8703556    
   11.7267771       17.7346478    
   14.8072042       7.97782946    
   8.92473698       2.35021591    
   18.4324589       15.1360826    
   12.0342474       8.87492466    
   18.8681736       12.2427130    
   15.0816669       19.3057079    
   17.6791935       18.0092087    
   1.90004325       12.3665018    
   9.10717583       4.39481068    
   13.9161549       13.9292173    
   10.9986506       16.5221729    
   1.75080276      0.386015028    
   6.43675613       18.8631554    
   2.69065475       13.9831600    
   15.4393072       19.5431938    
   3.29702020      0.661762238    
   2.46071410       3.52399349    
  0.757801056       10.0499773    
   9.79788494       8.73115826    
   19.7089252       2.78298664    
   1.03547120       3.67861009    
   8.48389626       16.8900986    
   12.6307697       6.49089098    
   17.5703640       7.64348173    
   12.8812923       17.1299820    
   15.0864115       8.90775681    
   16.8725204       9.17859268    
   18.0350075       1.75265479    
   9.13651466       2.42489171    
   19.1789913       1.96330142    
   10.3694153       13.9265661    
   13.9618683       7.32926655    
   17.3264542       9.48741436    
   14.4053020       4.78322601    
   5.87616730       17.2336903    
   13.4175692       10.2007074    
   8.15669823       14.4024544    
   12.8563652       2.89683795    
   18.0957279      0.204884470    
   5.68531370       1.58641076    
   9.99471664       8.81625938    
   3.50796008       5.23721838    
   16.7566605       16.7199383    
   13.2281275       20.0507202    
   7.75592756     -0.376651525    
   10.4004860       7.80681705    
