   13.1287537       5.03888655    
   7.73304987       19.5164661    
   5.44874763       17.4994946    
   19.2298470       18.0646877    
   5.22452211       14.5069923    
   15.3029547       1.93219733    
   5.14250040       9.89605331    
   6.36741590       18.2587204    
   12.3408890     -0.270072818    
   18.9843578       17.8813400    
   4.39049721       9.85585022    
   19.7354584       3.60562158    
   4.85423231       1.45886946    
   13.0393162      0.854112685    
   15.6324100       15.0417986    
   7.31337023       7.52504110    
   2.47156596       3.92831492    
   9.04618454       11.4199753    
   8.87243938       11.2454233    
   20.3063927       13.5508804    
   3.62434387       14.7653646    
   7.44763136       5.03542757    
   17.8248596       2.06334209    
   2.92740846       10.5504379    
   15.8655453       1.80423403    
   2.46516776       14.4560757    
   5.75629711       4.16503477    
   7.42068672       2.54041362    
   15.9122849       14.4571543    
   13.3379021       11.6324425    
   8.06319141       10.5434284    
   3.18099284       1.82128739    
   10.1405916       16.1132832    
   12.3507280       16.2214832    
   14.4041958       14.2889814    
   3.99105883     -0.666275918    
 -0.116726331       5.64234114    
   7.59751749       9.39021397    
   21.0863571      -1.78547013    
   13.9562521       8.33155251    
   19.2022209       13.7611370    
   15.1963053      0.457275093    
   5.87261009       10.1256456    
   15.0566740       14.4157801    
   9.94449139       14.1908360    
   12.3437462       19.6022701    
   2.20854449       8.31351089    
   5.87460089       8.14056683    
   7.28450346       15.8358355    
   10.6033525       4.93972158    
   14.1093807       2.69297242    
   18.7931385       19.2279510    
   16.2230034       13.1986704    
   12.8042402       19.2611923    
   14.9776115       7.96605492    
   9.25138187       3.45755243    
   18.6461945       15.2412071    
   10.7820921       8.59933949    
   19.2292061       11.6613636    
   15.6939240       19.0594444    
   18.7655621       17.9752827    
   3.31697166E-02   11.1063385    
   10.4607410       6.64228535    
   14.0995064       13.9225473    
   10.5842800       16.9143410    
   1.70758367      0.771837652    
   8.01554394       19.2000542    
   4.89561176       11.8846531    
   14.8291636       20.0796051    
   2.82472873      0.260162413    
   2.51781535       3.99463153    
 -0.239708915       10.5601034    
   11.0970316       9.53116989    
   18.9153366       2.81070185    
   1.00907218       3.40203571    
   10.1631327       16.6912346    
   12.7816887       7.03122330    
   18.6442432       8.12701702    
   14.7860918       15.9053001    
   15.4454813       8.48377323    
   17.1904449       9.21890736    
   17.0620289      0.713567615    
   9.71903419       1.21514940    
   18.7895126     -0.151913896    
   9.94679737       14.9960318    
   15.1541767       8.76269913    
   17.2717705       8.54252720    
   13.3504238       4.66728354    
   6.18328381       16.3844624    
   12.1005964       11.8364439    
   6.26883841       13.4458084    
   13.0308867       3.86939168    
   17.6965504      -2.09688330    
   5.93298960       2.74812865    
   10.7117653       9.13216209    
   3.14052606       5.04678345    
   16.8416576       17.2388821    
   14.8728399       22.2441959    
   8.48113251      -3.38731594E-02
   9.95323467       7.13938189    
