  -10.0000000      -10.0000000    
  -9.92833424      -3.50077367    
  -9.62494564      -3.00534034    
  -9.45433807       3.44309735    
  -9.26172352      -2.25910401    
  -8.89228916       4.97386503    
  -8.84856987      -3.12307787    
  -8.52223587      -7.97269678    
  -8.45904160      -6.19308519    
  -8.44208527      -5.53510332    
  -8.43963051      -1.22354627    
  -7.32881308       8.37733459    
  -7.30344248      -2.71126390    
  -6.94272995      -3.79667878    
  -6.56365967      -9.14190769    
  -6.41070318      -5.53001642    
  -6.38929081       1.91308641    
  -6.38666725      -7.75765133    
  -6.37213326       1.65216589    
  -5.83802652      0.657383323    
  -5.76955414      0.431049347    
  -5.66110897       8.94937897    
  -5.45406532       8.59341335    
  -5.04574299      -2.21860504    
  -4.88938904       3.90505219    
  -4.27491808       3.68711710    
  -4.11643887      -8.31807423    
  -4.06197834      -2.81705356    
  -4.03718710      -1.24119532    
  -3.56929159      -4.15014172    
  -3.31028056      -2.38296390    
  -3.15871334       8.71752262    
  -2.89537764       2.40564251    
  -2.83732057       4.03142834    
  -2.64846826      -3.24362683    
  -2.63281417       7.85129976    
  -2.51669407      -5.99291039    
  -2.37930608     -0.329316348    
  -2.33912277       4.94792557    
  -2.30167699      -9.82586479    
  -2.05314851       9.55690098    
  -1.86510277       5.82626057    
  -1.40814626       1.06630170    
 -0.707514703      -3.10403609    
 -0.324707627       2.80049181    
 -0.312577486      -1.91098428    
 -0.278992593      -3.46723199    
 -0.267525792      -7.47287035    
 -0.252658963       8.25862503    
 -0.233700037      0.813817024    
  0.741381884       2.26775455    
   1.36566389      -8.79797554    
   1.38128030       9.78017044    
   1.59824085       4.63335180    
   1.75681949      -3.14486861    
   2.03168440      -2.33000755    
   2.42900610      -5.21570110    
   2.51069283       5.99134350    
   2.53461576      -3.13218760    
   2.57518244      -9.11832428    
   2.64422202       4.19066429    
   2.79911137      -9.99652672    
   2.93264842      -2.57655025    
   3.02739406       8.27800560    
   3.13979506       3.33413434    
   3.38850522       1.72561896    
   3.44215274       4.11203051    
   3.59895539       2.05656004    
   3.74498940       3.94977188    
   3.86917877      -8.61738777    
   3.92891550       7.42970753    
   3.93489957       4.41661596    
   4.28451061      -5.39098072    
   4.50207996      -6.72176600    
   4.53546810      0.139684334    
   4.54532003      -5.94229650    
   4.63018942      -7.48849440    
   4.73803282       7.63839579    
   4.76126194       9.03308582    
   4.81309032      -3.89897299    
   4.88767385       8.57981777    
   5.24268532      -4.93896866    
   5.52147818      -2.07603312    
   5.96982813       4.17177677    
   6.10471725      -9.73462963    
   6.44648552       5.54288340    
   7.15540075      -7.05998325    
   7.65885973       1.17353725    
   7.81043720       1.11287177    
   7.96116304      -5.88094902    
   8.12194824      -7.11701488    
   8.15384960     -0.984867036    
   8.50541401       9.48077011    
   9.19910622       5.18964195    
   9.23375416      -9.93496990    
   9.23376465      -5.28985023    
   9.47884083      -7.94809437    
   9.79304790       8.17666912    
   9.83308315       3.22220397    
   9.87207794       2.21812916    
