   16.3375320       4.38399553    
   3.58337688       13.7672110    
   9.76947498       10.1116734    
   6.56640816      0.541244745    
   11.6753502       13.3841772    
   16.4711132       15.6585417    
   12.6792765       6.91542244    
   12.7506218       7.74880123    
   6.90268230       4.67249441    
   17.0625572       6.35912466    
   5.95946789       17.3983631    
   15.5318222       12.3514805    
   6.80665159       11.7924833    
   2.16235423       14.3630266    
   11.9715586     -0.264545441    
   1.43913591       13.3841438    
  0.567420006      0.159357935    
   13.6438656       19.1190166    
   8.58742046       5.46588182    
   2.54179430       18.5988388    
   12.2998705       19.1773720    
   8.93572426      -1.82220018    
   15.5135851       12.5126877    
   9.83263206       1.39024949    
   6.84249496       8.96188927    
   12.5164146      0.734302282    
   9.47816467       13.3045750    
   3.86893654       11.6968012    
   1.14837801       11.5577459    
   12.8941355       13.4976273    
   19.3703270       9.41242027    
   11.7390461       8.30706120    
   12.4231348       5.08459139    
  0.254853606       10.7545271    
   4.22187757       5.67820501    
   4.29375982       7.61611414    
   5.12130785       15.5877743    
   1.94893622       16.6177044    
   5.56809902       4.87753868    
   2.42721438       3.73452616    
   4.11899805       10.8113365    
   16.5180607       21.3945541    
   7.50838280       2.04647207    
   18.8879375       9.66827488    
   14.6641254       3.46304226    
   2.55935860       13.4344788    
   8.40155888       5.57574081    
   7.20710468       19.1056995    
   9.57893562       4.17614460    
   12.5480175       13.1734781    
   9.53569126       1.54154050    
   18.7903919       14.9423418    
   8.36418056       9.05478382    
   9.39291668       18.8696976    
 -0.487810493      0.420834839    
   5.38101149       9.25792599    
   2.75255013       9.49514484    
   13.7623882       7.04616213    
   20.5524597       7.17638636    
   10.3789854       20.8470116    
   20.2889500       6.99123240    
   4.58716583       1.26883245    
   2.76081109       10.5898581    
   15.9454374       3.54802752    
   15.4712458       5.14333057    
   1.22675967       2.44397354    
   4.67601442       8.42338657    
   17.8155441       11.7602539    
   21.8818150      0.807516038    
   6.86661530       6.46178198    
   15.7439308       10.4790096    
   3.15465140       9.69673538    
   8.44605350       17.4669170    
   17.3808498       3.40643668    
   12.7092352       19.2050228    
   8.09957981       13.2057495    
  -1.21948636      -2.04688716    
   8.66429043       4.85381651    
   5.84331131       13.6519089    
   3.21100068       16.2549648    
   15.0914936       17.9811554    
   1.82755482       5.40413952    
   1.39363682       15.1401167    
   10.6335249       8.65302467    
   16.1795425       11.2767582    
   2.06968164       11.2873077    
   17.3009109       21.5260658    
   3.55819559       2.39272285    
   8.05642033       1.76972187    
   19.6919460       14.5112162    
 -0.785034001       19.5560875    
  0.628109932       4.42050266    
   11.4062300       4.94786835    
   4.81472635       2.29369473    
   4.10793924       19.4368458    
   10.6355400       5.80944633    
   4.09888411       10.1828508    
   4.83992004       12.0944624    
   16.3766003       13.8000765    
   6.38962317       5.10532999    
