   14.4261084       3.27710867    
   5.77152729       20.1264057    
   4.72287130       18.2853966    
   19.7582455       19.5268402    
   5.34474516       16.1819649    
   14.9404917     -0.386773318    
   5.57798243       9.32247543    
   2.97718811       19.1103630    
   12.3508472      0.414075762    
   19.6883488       17.4444828    
   2.89308572       9.10983086    
   18.0981865       2.59376907    
   5.20855999       1.35496283    
   15.2506943       1.29934263    
   15.0926514       17.1891212    
   7.87872553       7.58799314    
   1.47377121       5.32828188    
   10.3558779       12.8488731    
   10.0918398       10.4011202    
   18.3789139       14.3450537    
   1.98845947       16.5634537    
   10.0395575       4.54762697    
   17.9497490       3.02251983    
   2.73385072       10.1100035    
   16.2402134       2.84699106    
   1.73111415       15.6547194    
   6.33993673       3.10133839    
   8.37431145       3.51965547    
   16.3824100       15.3320217    
   10.9743261       8.65314770    
   5.85918522       8.88479900    
   4.63466597       4.49511623    
   10.0575600       14.9140587    
   12.2359200       19.0647564    
   14.7480974       14.2792931    
   3.32525849      0.479794681    
  -3.04399776       9.06841087    
   5.08078623       7.85867453    
   21.4735870     -0.253872991    
   17.3676434       9.51211834    
   19.7025299       12.8201017    
   13.2350025       2.83227539    
   6.85008717       7.13623047    
   13.9786854       14.2387676    
   13.9597149       13.9548874    
   10.6762571       21.5547523    
   2.55327177       7.15615845    
   6.14602852       9.17011356    
   9.00681973       16.3483753    
   6.64199972       3.71499729    
   13.9736490       3.61493111    
   19.0248928       18.9257393    
   15.4030704       13.0223236    
   12.9682436       18.0895348    
   16.3890724       10.2378340    
   8.43533707       7.40181875    
   18.8618965       15.7673130    
   12.8164396       8.52322006    
   20.2898388       12.4492216    
   15.1838446       19.7314758    
   20.2968483       18.1718559    
   1.33981609       12.6589012    
   9.71605587       8.15646839    
   18.2268295       11.9218721    
   10.0660076       14.9681759    
   1.38166523       1.54079258    
   11.5412560       18.3940773    
   5.78289318       13.9088688    
   12.2510147       17.3911381    
   4.41925001      0.589839220    
   3.53013873       7.06840086    
 -0.517952025       12.1090984    
   9.25670719       11.4609022    
   19.4313965       4.77106571    
   2.28444982       3.33355308    
   8.59771156       15.9252615    
   13.9381180       7.64080334    
   14.0113802       7.77603149    
   14.6733932       16.4872131    
   14.0618067       7.75990677    
   16.5038776       11.0228300    
   14.8766661      -1.38207150    
   10.9293718       1.41289175    
   17.1053410       1.91482627    
   8.97244835       17.8041782    
   16.6172543       4.82746935    
   16.8442039       9.42303944    
   13.2927599       5.50674200    
   8.76035213       17.4159184    
   11.5233402       13.1494303    
   6.18038034       15.4813070    
   15.0407429       3.72151423    
   20.4392014     -0.896377683    
   5.25426626       1.09334040    
   11.5274324       9.23407841    
   7.91481495       5.68266106    
   16.6781425       20.1316357    
   16.9561844       25.5263062    
   8.96507549      -3.04774404    
   10.4661150       6.38562202    
