   16.5696888       5.46550846    
   3.06775403       11.9249659    
   12.8518038       11.3757992    
   7.00869226       1.05065298    
   10.3213024       15.0477171    
   15.4901552       15.1336107    
   9.64494705       8.58825588    
   13.5803814       5.17964649    
   4.28994656       2.45710158    
   16.3937454       7.54123259    
   7.48754215       15.4879084    
   14.3112535       8.47026825    
   6.59493065       12.0647306    
   1.95381224       14.6408682    
   11.7209282      0.405509621    
   2.17958474       13.2950668    
   2.57790875       1.44387591    
   13.6654701       19.3740578    
   10.4499264       7.29799366    
   1.86007535       15.9507132    
   15.1053209       17.1617756    
   5.69800329       4.84168120E-02
   14.8997211       11.4126263    
   10.6211567       1.47308040    
   7.95209789       7.71349001    
   12.9830141       2.95030999    
   9.95940304       12.6043758    
   3.30969810       10.9870396    
   1.00322914       11.0821218    
   13.9239235       15.9809866    
   17.9048176       8.59369659    
   7.92218542       6.72474146    
   13.3601952       4.63214874    
   1.21105301       12.7889166    
   2.63080573       5.59780407    
   2.46742940       6.97337103    
   5.08954430       17.3567562    
   3.38846517       18.6660042    
   8.05372715       4.61291885    
   3.11156011       1.35088587    
   3.86903548       10.0533533    
   17.6781445       19.5367851    
   5.39441109       2.63276148    
   18.3420105       10.3368330    
   13.9829626       4.36126614    
   1.24342704       15.3565397    
   11.1532431       6.72192478    
   6.14598417       19.1185780    
   10.4424295       4.67387486    
   11.5115032       11.9867563    
   6.14148283      0.661279380    
   16.5948887       15.4019823    
   9.78049755       9.45812416    
   6.71456194       18.1783714    
  0.226427406       1.32344449    
   5.87792921       9.56665802    
   2.30405307       9.19162273    
   15.5749912       7.69836760    
   19.0722275       8.63259697    
   13.3410587       19.8997345    
   18.2536411       7.74461317    
   3.53323317      0.160056099    
  0.392361492       6.94772530    
   16.4435768       3.06081891    
   14.9583673       6.29302311    
  0.863781571       1.79859722    
   4.27446938       9.42106533    
   17.6085033       12.8513060    
   19.5014629      0.474572152    
   6.09978771       5.34475517    
   16.1512737       10.0556154    
   1.58881855       10.2091589    
   9.12310886       17.2015667    
   18.0435066       4.18768549    
   13.9697819       19.2994595    
   6.99787045       11.7291746    
  0.597158611      0.632908463    
   11.5795479       4.95414114    
   5.49484253       15.4331741    
   1.25313258       17.4571972    
   15.5179472       18.7879257    
  0.768329918       6.30594397    
  0.445549339       12.1596394    
   13.0392761       9.68178654    
   12.9822836       9.37337303    
  0.117141448       11.8468189    
   15.7916393       18.5627270    
   3.70171404       2.86470509    
   10.8806858       1.17179215    
   18.3824749       16.6198807    
   2.44229674       19.6895905    
   1.17640471       6.82853699    
   10.3990955       4.30890560    
   3.64300466       2.76898313    
   2.85247946       19.1173420    
   9.41954231       3.66937304    
   3.07159185       11.3122568    
   3.33186460       12.7317457    
   14.8726435       12.1545820    
   7.09692240       5.22985077    
