   15.8665600       4.68164921    
   3.10351419       12.0363197    
   12.6527014       10.2635508    
   5.55201244      0.528313816    
   11.0343485       14.7560339    
   15.6081839       16.6611156    
   10.2496681       6.99229908    
   13.5619078       4.48003578    
   3.67278528       3.79800773    
   16.6154518       7.11554193    
   6.68059111       15.6190100    
   15.0422297       10.6372576    
   6.32070780       11.6886759    
   2.31861019       13.7425976    
   11.8280106       1.03617132    
   2.99805498       14.0099611    
   2.04684997       1.16114902    
   13.2523775       17.1280308    
   10.5582476       6.62158680    
   2.39083648       16.4831734    
   14.3129301       17.3228931    
   6.31912041      -1.21734607    
   15.3328943       11.2176399    
   10.9002171      0.656805933    
   7.03460026       8.78236198    
   12.6284552       1.66648829    
   9.01181507       12.3985338    
   3.83336091       11.0951834    
   1.32575631       12.9916744    
   12.7074051       15.8247566    
   18.5027065       9.63699532    
   8.33653355       7.12159014    
   12.4946346       3.49743962    
  0.509872615       11.4543629    
   2.50580788       5.64029932    
   3.68146610       7.06042767    
   5.40504932       16.4018841    
   2.72676730       18.6148491    
   6.74327230       2.77573538    
   2.12684822       1.26786160    
   4.86521053       9.79121876    
   16.8190327       20.7097836    
   5.87791681       2.92810059    
   18.1386681       9.35474968    
   14.0713539       2.66006637    
   1.33389521       14.4099121    
   9.97701359       5.98804045    
   6.54179096       19.3189049    
   11.2430811       4.36795235    
   11.5702419       10.2803850    
   7.55483055      0.784663022    
   16.6146889       15.2895870    
   8.76345444       9.31510067    
   8.33604145       19.2040100    
 -0.273063004       1.86813381E-02
   4.94379520       8.37066650    
   3.39696217       7.79363155    
   15.0141764       7.76764250    
   19.9411602       7.86484051    
   13.6181402       19.6128120    
   18.0369892       7.95207214    
   3.63542008      0.686920226    
   1.91344678       8.06490135    
   15.8074207       4.38279486    
   15.5228920       6.29033232    
   1.24614584       2.34660006    
   5.22171211       9.47087860    
   17.2311611       12.1591034    
   19.3372841       6.02383539E-02
   6.42781496       5.49983978    
   15.1745300       10.3709049    
   2.07411551       9.81858826    
   9.36638165       16.6543427    
   18.6252098       2.84199619    
   12.7120113       18.8593960    
   6.80654621       12.3519650    
 -0.656298399      -1.37556803    
   10.2500925       5.22235250    
   4.85532761       15.0732613    
   2.16266251       16.6092472    
   15.8404026       17.8806286    
  0.884110868       6.41360807    
  0.776366591       13.0702133    
   12.2782440       9.55601501    
   13.3006096       9.03223991    
 -0.453503042       10.8482218    
   15.0579472       19.9950428    
   4.11665297       3.64607835    
   9.73024273      0.717505217    
   17.5838871       16.3300877    
  0.999504447       20.2429123    
  0.204870716       5.85114098    
   10.3133898       4.99705267    
   3.93981457       2.26477313    
   2.27715158       19.6939983    
   10.3356066       4.28186893    
   3.57395387       10.5112848    
   4.93165922       12.2369490    
   14.5783215       13.0594921    
   7.25094461       5.68637848    
