   14.9258347       3.02607918    
   6.54610634       19.8715267    
   5.09694481       18.1194725    
   19.5092583       18.8604088    
   5.24816322       15.8406439    
   15.5817223      -4.27333079E-02
   5.80970812       9.84143925    
   4.10552835       19.3635788    
   11.4127989      0.690016210    
   20.1015129       16.6978092    
   3.20594215       9.64658356    
   18.9882927       1.88093567    
   5.60254717       1.93276012    
   14.6540146       1.29917359    
   14.2717648       17.8956470    
   7.99475956       8.18770790    
   1.57843876       5.69106865    
   10.4537811       12.5766058    
   9.32712841       10.4026327    
   17.8413830       14.7175274    
   2.52261734       15.9557104    
   9.56447029       4.91744900    
   18.4832191       2.97862387    
   3.59798622       10.0824738    
   16.0040588       2.77796435    
   1.74983251       15.1908398    
   6.30023241       2.67276597    
   8.29539776       3.70144200    
   16.0836849       15.6903658    
   11.1097994       8.40851879    
   5.71127033       9.11681461    
   4.32793713       5.09371710    
   9.35746288       15.4354458    
   12.1310320       18.2238045    
   14.2291956       13.1890974    
   3.67481613      -8.75747949E-02
  -3.32775235       9.31292915    
   5.34683704       7.73982191    
   20.7580471     -0.103850275    
   16.2498779       9.30169010    
   19.2122383       12.3626127    
   13.8322563       2.61961889    
   6.15144014       7.87217188    
   14.6562519       14.7529135    
   13.5803766       15.1627827    
   10.8612690       21.2013359    
   2.58382010       7.55041885    
   6.15480804       9.18369675    
   8.97214794       16.6143703    
   6.90240192       3.54912615    
   13.8690834       3.95713949    
   19.4215775       19.0749226    
   15.3429422       13.5725288    
   12.4374495       18.6713257    
   16.3535805       9.33329964    
   8.57904625       7.73190355    
   19.5624752       15.4088621    
   13.4305506       8.08253193    
   20.1629181       11.9400129    
   15.1101971       19.5574379    
   20.3460903       18.2109585    
   1.35239601       12.8472919    
   10.2897425       7.59776688    
   18.3077412       11.9677429    
   9.84552383       14.9783611    
   1.82655835       1.15129364    
   10.9773159       18.3392506    
   5.74853277       14.0072412    
   11.8373213       18.1240501    
   3.58789492       1.58515282E-03
   3.06525993       7.20491266    
 -0.355313867       11.9425764    
   9.29046440       11.7536354    
   18.8918858       4.43134403    
   2.62441349       3.95953274    
   9.32460403       16.0760841    
   14.2659931       7.18516254    
   13.5583353       7.33869314    
   15.6436110       16.2361374    
   14.1887217       7.91244411    
   16.9228115       11.1960449    
   14.8236837     -0.916372597    
   11.7666597       1.69609487    
   17.4446850       1.69916534    
   8.70161247       17.1795006    
   16.6069393       5.13160896    
   16.9952888       8.91924477    
   13.6627197       4.91378880    
   8.34854031       16.8903141    
   11.1596165       12.2360477    
   6.39680004       15.0897675    
   14.7858973       2.79929280    
   20.1511459      -2.06945705    
   5.35898685       1.16885686    
   11.6046667       9.02675056    
   7.93563604       5.66760302    
   16.7084675       19.6109734    
   17.2196369       25.3331833    
   9.02666664      -2.54649854    
   10.4673052       6.15523195    
