   13.4997540       5.41060019    
   7.39616585       19.7684822    
   5.74036264       18.4150467    
   19.1602135       17.2948265    
   4.88103771       14.4271088    
   16.1634350       2.41920114    
   5.16961527       8.93912411    
   4.55452394       18.3008747    
   10.8296423      0.407861263    
   18.3665237       17.6226845    
   3.12930918       10.0378723    
   19.2447872       3.54064417    
   4.52333021      0.928739190    
   13.7100372      0.707071185    
   15.7615585       15.1380873    
   6.82639265       8.57180786    
   1.86449552       3.48950171    
   8.55097771       10.8207731    
   8.04758739       12.0149155    
   20.2654686       13.6352329    
   2.96924901       14.9278917    
   7.72495747       5.21455765    
   17.9794426       1.84075749    
   4.06908226       10.4514313    
   17.4251060       1.60426223    
   2.00250626       13.1254511    
   6.83002615       4.68737793    
   7.50511360       3.82567382    
   17.2131462       13.8444901    
   13.4425049       11.5081654    
   7.63436270       10.7130899    
   1.90511227       1.56273425    
   9.33669567       15.8851976    
   12.1114330       16.7017956    
   14.4645796       14.5829659    
   4.04021406      -9.76202041E-02
   1.02848983       5.93249178    
   6.81190300       9.35587120    
   20.4317207      -1.05109704    
   13.1123409       8.30442238    
   18.4989700       13.0762215    
   15.3739347      0.109398633    
   4.64609623       10.4131813    
   14.8975763       14.7955561    
   8.15796185       14.4875603    
   12.6437807       19.8493595    
   2.21496606       8.55163956    
   7.08581924       8.99426842    
   7.64071465       15.7910757    
   10.9230003       5.31401777    
   15.0337372       2.36156774    
   18.8468361       17.8256397    
   15.3306208       13.6834974    
   12.4674301       18.2974529    
   14.6552963       7.65259552    
   8.91373920       3.12573433    
   18.9724827       15.5481081    
   11.3950911       9.18089581    
   18.5515156       12.3607063    
   14.7419901       18.9846916    
   18.4330826       17.8858757    
  0.838456154       12.3960438    
   10.1585808       5.31838226    
   12.8294458       11.9214220    
   12.0216141       16.4202003    
   2.46149874      0.714294851    
   7.79164648       19.7506752    
   2.97938490       12.3222809    
   16.0199795       19.6793613    
   3.47653818      0.422389537    
   2.49796748       4.61381388    
  0.265566915       9.17138958    
   10.3274794       10.0055704    
   19.4470215       3.03723907    
   1.41156006       4.20757723    
   8.77133274       17.8721771    
   12.9149437       7.62098074    
   17.0382099       7.87724304    
   13.0616455       15.7980061    
   15.4030848       8.50059605    
   17.1528320       9.88844109    
   17.3406162       1.94965363    
   9.67328167      0.501862884    
   18.7022057      0.458448410    
   9.37039089       14.9085197    
   14.6945620       7.98303986    
   17.2213364       8.97557831    
   14.0443487       4.46243382    
   5.46352053       16.9802818    
   11.3598881       10.7946348    
   7.53176451       14.1700373    
   13.2535992       3.11476350    
   16.9610958     -0.464038134    
   6.07814693       2.20625973    
   10.2693167       8.66747761    
   2.51139307       5.54870224    
   16.3262844       16.7505741    
   13.8932209       20.6843090    
   8.51042652      -1.09016120    
   9.15625763       8.01376820    
