   14.6701097       3.07766056    
   5.98017263       19.9905663    
   4.63993645       18.5840168    
   19.9672775       19.7177734    
   5.11015224       16.3840065    
   14.9273434      -9.05427113E-02
   5.28254557       9.66248131    
   2.79950762       19.0262032    
   12.4115639      0.742511690    
   19.9790020       17.3778858    
   2.65035415       8.85955048    
   18.0028381       2.25370336    
   5.04281759       1.23662829    
   15.0051775       1.55812013    
   15.3495798       17.3994904    
   8.22205162       7.30251312    
   1.30168223       5.66020632    
   10.1573858       12.6393957    
   9.98991299       10.2447691    
   18.2446060       14.3335247    
   2.12589669       16.4346180    
   10.1991558       4.45495653    
   17.7387619       2.73583174    
   2.52462149       10.3589277    
   16.4976501       3.00026822    
   1.73803139       15.8970079    
   6.64433098       3.04625225    
   8.31315517       3.77712631    
   16.1223049       15.2033224    
   11.2585697       8.70354748    
   6.03097820       9.11274242    
   4.72015429       4.81247616    
   10.3129215       14.7898321    
   12.2733946       18.9406643    
   15.0838518       13.9660778    
   3.59879017      0.720318794    
  -3.05889678       8.95207596    
   5.23493528       7.96481705    
   21.4554634     -0.234978497    
   17.2635365       9.40988731    
   19.6014175       13.0321522    
   12.9010210       3.11358500    
   6.95490646       7.24353027    
   13.8456669       14.0036297    
   13.6425800       14.2498713    
   10.8526897       21.6489487    
   2.57649136       7.29202318    
   5.80753374       9.37404823    
   8.84820366       16.0729752    
   6.45420885       3.43042660    
   13.7669430       3.43457103    
   19.1561012       18.7146606    
   15.3275309       13.2723913    
   12.7134304       17.9341545    
   16.1088524       10.2050247    
   8.54348087       7.38873148    
   19.1266651       15.8707180    
   12.4929056       8.19863129    
   20.5304623       12.6904774    
   15.2343473       19.9414482    
   20.0773468       18.1089897    
   1.56314278       12.6827869    
   9.76698494       8.19658470    
   17.9839993       12.0784550    
   9.74696350       15.2398472    
   1.31085348       1.70346034    
   11.3846474       18.5160465    
   5.61228323       13.5995321    
   12.2814932       17.5026112    
   4.15135479      0.920263708    
   3.41782737       7.41030836    
 -0.386797369       12.2396069    
   9.17363167       11.2674179    
   19.2177677       4.59458780    
   1.96414888       3.14029598    
   8.86680222       15.9128180    
   13.9569645       7.35646439    
   14.1229992       7.49113798    
   14.9274378       16.1512547    
   14.3615713       7.84649992    
   16.2055244       11.2847700    
   14.6493559      -1.46829379    
   10.8493862       1.42799294    
   17.3560886       2.18478084    
   9.29385948       17.5210209    
   16.4364090       4.96713161    
   16.6540585       9.67784500    
   13.6266298       5.77164841    
   8.91856766       17.6473885    
   11.7160120       13.4786549    
   6.00025988       15.3058872    
   15.0503340       4.05960417    
   20.1759911     -0.737703145    
   5.53322268       1.32151568    
   11.7717896       9.23519421    
   8.05114937       5.75559139    
   16.9545746       20.0183277    
   17.2120686       25.3576660    
   9.22392559      -3.18061185    
   10.7564983       6.57186270    
