   15.1125784       3.74302340    
   7.21869230       19.1780415    
   4.96147537       17.1045856    
   18.6545696       18.0552673    
   5.18504620       15.6321945    
   15.2261086      0.669330120    
   5.93739128       8.29006863    
   5.37965822       18.0698967    
   12.0612221      0.594964862    
   19.2839985       17.0179157    
   2.85822773       8.75636101    
   18.5042419       3.74330854    
   5.12163925       1.85178077    
   14.0038147       2.36778426    
   14.7315407       17.3063602    
   8.51384735       8.04301834    
   2.29374456       4.98522663    
   8.69027710       12.4302015    
   7.95378685       10.9153242    
   18.8673420       14.8631754    
   3.94421315       15.1955099    
   8.51523399       6.03293848    
   19.6861725       3.02529526    
   3.26227856       9.43836308    
   15.9144697       2.98591423    
   2.49813247       13.8310061    
   5.72824669       1.05684650    
   8.06381798       4.20996475    
   16.5697193       15.9361391    
   11.6037912       9.01739216    
   5.52229452       9.10586071    
   4.89457798       4.51003790    
   11.2090578       14.6305799    
   12.2672729       17.9472866    
   12.9406729       13.9681425    
   3.70336938     -0.484109581    
  -2.26644301       8.57741356    
   5.37339306       8.81443882    
   20.5587902      -1.66902411    
   16.8839989       9.30725384    
   19.2769032       13.0651302    
   14.6234617       2.65162134    
   6.44467020       8.07624245    
   14.3912497       15.7462168    
   12.1983910       15.0576372    
   10.9968433       20.2962303    
   3.21740818       7.08357382    
   6.63168335       10.5331535    
   8.39492226       15.3526182    
   8.10112190       4.11000919    
   13.1503010       2.56816697    
   18.7018795       19.1051788    
   16.5230350       12.9059038    
   13.3607922       18.1298294    
   15.9581757       8.07135487    
   8.15766621       6.20624208    
   20.8543148       14.6721983    
   13.4037771       8.36990738    
   20.0631294       11.2665796    
   16.4780788       19.7524796    
   19.5856590       19.0836926    
  0.923189044       11.8456478    
   10.5246487       7.76629782    
   17.6659584       13.2050514    
   9.36740685       15.9043589    
   2.69656658       1.58241379    
   9.90566635       19.4010239    
   6.23709631       12.9560976    
   13.0253811       18.7288971    
   4.47640896     -0.637886882    
   2.39523578       5.61198187    
 -0.725759685       11.1968479    
   8.92843819       10.0876904    
   18.8435745       3.62417436    
   2.70538783       3.56752086    
   9.23202896       17.1517677    
   13.6949167       6.33565664    
   14.1852837       7.38492107    
   14.9511909       16.5346737    
   14.9173269       7.64015818    
   17.1591206       11.2444382    
   14.3785172     -0.695692480    
   10.0659781      0.957566500    
   17.9791775       1.02247477    
   9.46342850       17.9958324    
   16.5128956       5.22428656    
   18.1708622       9.53114319    
   14.1906528       4.78066587    
   7.82364798       17.2588558    
   11.6637154       11.9075403    
   6.56619835       14.4618874    
   13.1520796       1.93847501    
   19.7232609     -0.815944612    
   6.17459869       2.81069112    
   12.0263700       9.76165295    
   8.03437996       5.59901094    
   16.0098476       19.0973682    
   17.0755501       24.4282227    
   10.0682077      -1.06018472    
   10.1379948       5.67894840    
