   14.0958424       4.72728157    
   6.63926411       18.8428841    
   5.32409286       17.3107719    
   18.3996506       18.2383575    
   4.81147718       14.5534821    
   14.9118242      0.884254336    
   5.26196194       8.03615856    
   6.39761257       17.3934383    
   12.8611879     -0.933070064    
   19.7932415       17.1075668    
   3.88453555       8.94102287    
   19.4322052       4.00165462    
   4.14817142       2.00748801    
   13.9151754       2.41334271    
   14.2546930       16.8172379    
   8.54634094       8.43975163    
   1.30914938       3.58595562    
   8.69732380       12.5915937    
   7.61144209       11.5553608    
   18.9028454       13.5387678    
   3.57465816       14.3691759    
   8.41072941       5.16587782    
   19.1415386       1.97450566    
   4.30510330       9.88406467    
   16.0299149       2.92324662    
   2.89875388       12.5300617    
   5.33577681       1.76083791    
   7.64037704       3.84110188    
   16.9155273       14.6496172    
   11.8619614       9.50692177    
   7.31530952       9.57587910    
   3.49234939       2.80586767    
   11.0771742       14.4669533    
   12.5903416       18.3413601    
   12.8711205       13.5435915    
   4.11065435     -0.242570221    
  -1.42822409       7.99491405    
   6.52477312       8.68764687    
   19.8810196      -1.30173314    
   15.5049629       9.30767632    
   19.1752052       12.6896515    
   15.2960634       3.36611748    
   5.96114349       8.35960007    
   13.9720583       15.7901516    
   12.0854664       15.8432074    
   11.6175451       20.4348240    
   2.27387142       7.03766680    
   6.62172127       8.85909748    
   7.27803946       15.1047735    
   8.31744480       4.47981215    
   13.9209232       3.04131365    
   18.0357742       19.2207012    
   16.6035175       12.6861687    
   13.2237244       19.5375366    
   15.8909788       7.97305965    
   8.49614429       5.50367022    
   20.3059940       14.3476152    
   13.3772678       8.99261856    
   20.9409351       11.7913885    
   16.1108284       18.6175995    
   19.7499828       19.2875195    
  0.463458687       12.6021423    
   11.1363325       6.60513496    
   15.2334671       13.7541924    
   10.3331614       15.7814713    
   2.15869737       1.98913503    
   9.54334736       20.0950623    
   5.79332590       12.6555586    
   13.3154821       18.2845688    
   4.78102350     -0.316909999    
   1.99283075       5.44825411    
  -1.03587818       10.9343967    
   10.7146444       10.2386599    
   18.4057541       3.29278231    
   2.78748631       4.25592518    
   9.22655773       16.2355232    
   14.0832319       6.55701542    
   15.3732195       7.92417669    
   14.9896326       16.3949223    
   15.8665810       7.57994938    
   16.8877468       10.9703684    
   14.7106524      0.634397268    
   10.1236506      0.650984704    
   18.1597576       1.93037844    
   10.0140219       17.2090302    
   16.2985058       6.18531561    
   17.1892033       8.61336422    
   13.8426676       5.50324774    
   6.62463903       17.1268482    
   12.7906895       12.0603371    
   5.11345387       14.9031277    
   12.1038980       2.17330480    
   18.9029369      -1.13236010    
   5.34677601       2.94839716    
   11.3302937       9.67537594    
   7.81305552       6.26264429    
   15.5059853       18.8689766    
   16.5517349       23.3126755    
   8.82775784      -1.18695426    
   10.0737724       6.29672003    
