   14.9531050       4.42988443    
   6.99639606       18.7906399    
   5.18786144       16.9860363    
   18.6957417       18.0346432    
   4.70761204       15.2454615    
   15.1398849      0.804020762    
   5.89462948       7.86487675    
   5.70107698       18.0988789    
   12.2481680     -0.217756763    
   19.5825710       16.5049744    
   3.58555388       9.12272263    
   19.1700039       3.66555810    
   4.78009510       1.85129321    
   14.5352335       2.24368405    
   14.3474817       17.0088081    
   8.85183716       7.87727642    
   2.14084816       4.68906736    
   8.98674011       12.6102552    
   7.10061121       11.3504887    
   18.8133869       14.6547623    
   4.23056841       15.6515770    
   8.15294170       5.73304176    
   19.3867798       3.08369279    
   3.47213507       9.74238014    
   16.1380043       3.69957447    
   2.53518009       14.0303526    
   6.00776768       1.54802406    
   7.91522598       4.33888578    
   16.0943298       15.4755898    
   11.2421217       9.23948860    
   6.14422703       9.58117962    
   4.52811623       3.96834421    
   11.4295559       14.2404795    
   12.3712082       17.8849087    
   12.9523497       13.8231964    
   3.84461260     -0.592397392    
  -1.48454416       8.26293182    
   5.77867270       8.71137810    
   20.2557125      -2.01987958    
   16.1538048       9.85775089    
   18.9311695       12.7877159    
   14.7971325       2.92704797    
   6.02395391       8.57915592    
   14.5822706       15.5556736    
   12.1446037       15.4246178    
   11.4951811       20.4533176    
   3.04485345       7.28680229    
   6.49174452       10.3486938    
   8.04813099       15.3274603    
   8.82133102       4.04439306    
   13.3591375       2.33089614    
   18.5507298       18.8448925    
   16.1898460       12.7955198    
   13.0921154       18.4278374    
   16.7967434       8.08122635    
   8.23676491       5.89427900    
   20.4076805       14.4506073    
   13.2649975       9.04117584    
   20.3386059       10.8897820    
   16.6611767       19.0846004    
   19.9444904       19.6621342    
  0.356994450       12.2245665    
   10.3240252       7.28615522    
   16.9986439       13.2165489    
   9.38730526       16.0131588    
   2.60936666       1.35085368    
   9.71879578       19.6469250    
   6.06699181       12.6937075    
   12.6276121       19.1067886    
   4.62144375     -0.738677144    
   2.18390989       5.40534210    
  -1.09487236       11.2613020    
   9.79187965       9.98275089    
   18.9263363       3.84233141    
   2.66983938       3.78885555    
   9.19219685       16.7870770    
   13.6533041       6.25056839    
   14.5823669       7.45387506    
   14.9056005       16.9981022    
   14.8323412       7.86029053    
   17.0760918       11.3496809    
   14.7509518     -0.157635957    
   10.0800304       1.26394129    
   17.8654079       1.35883498    
   9.77491188       17.6340618    
   15.9365911       5.27342415    
   17.6754189       9.40277386    
   14.1839695       4.94410515    
   7.74917603       17.1059113    
   12.0778151       11.8659277    
   6.13614368       14.2970762    
   12.7956123       2.36192298    
   19.0647488      -1.05891693    
   6.32494974       2.74882317    
   12.2642355       10.0993004    
   7.66167068       5.42486715    
   16.2769661       19.3125706    
   17.0949059       24.3155289    
   9.84403133      -1.55317891    
   10.3637819       5.41196156    
