   14.6661568       4.70856094    
   6.75210428       19.1141605    
   5.22542620       17.4883385    
   18.8222790       18.1085815    
   4.66804600       14.9403973    
   15.4217577      0.864521742    
   5.38635445       8.70084286    
   5.79978514       17.3762112    
   12.5779333     -0.629757464    
   19.6000004       17.0375843    
   3.99222469       9.09036446    
   19.4817924       3.89614487    
   4.22277498       1.92822850    
   14.0684204       2.23236561    
   14.6747475       16.4587746    
   8.54081345       8.32370377    
  0.977625072       3.66658330    
   8.67960835       12.4662247    
   7.71542740       11.9458780    
   19.3260632       13.7704582    
   4.15752411       14.4576569    
   8.82912731       5.49649000    
   19.0783844       2.24129581    
   4.12615061       10.0110655    
   15.6352510       3.24751115    
   2.39716029       13.1202497    
   5.65081787       2.38229418    
   8.25274277       3.68595672    
   16.6227551       15.1833296    
   11.5244818       9.88053608    
   7.23047018       9.81068420    
   3.85934353       3.13774562    
   11.2321920       14.4552794    
   12.5979776       18.3839989    
   12.6943607       13.3627234    
   4.34406853     -0.158558145    
  -1.60598385       7.54549646    
   6.35023975       8.34748840    
   19.9411316      -1.47664964    
   15.9126606       9.48498821    
   18.8860817       12.5460873    
   15.5313139       3.22853684    
   5.89408064       7.96072006    
   14.1603031       15.6509943    
   11.6595087       16.1527100    
   11.1090775       20.6748734    
   2.42602420       6.86526442    
   6.85728168       9.10024643    
   7.69692612       14.9809656    
   8.24596691       4.19789124    
   13.7018061       2.80627537    
   18.1662521       18.5886745    
   16.4386654       12.3440161    
   13.0279903       19.0359364    
   16.4812298       7.85144520    
   8.93484879       5.75511265    
   20.0755920       13.9834681    
   13.8101931       9.06772995    
   20.6296806       11.6057491    
   16.2952442       18.5171566    
   19.7286453       19.0195045    
  0.360082775       12.8565683    
   10.6042490       6.69330025    
   15.7726803       13.8878403    
   10.0497427       15.6609554    
   2.67235851       1.84720469    
   9.84605312       20.2850704    
   6.09745550       12.2359877    
   13.0867548       18.7868137    
   4.76579905     -0.200690120    
   1.53393316       5.82974482    
 -0.708990514       11.2707310    
   10.1679296       10.6811972    
   18.6774998       3.58214259    
   2.73561978       4.70245790    
   9.10570526       16.5288296    
   13.7708368       6.86221123    
   15.3072042       7.81384611    
   14.9988747       16.6131630    
   16.0367203       8.01415157    
   16.6505489       11.3882704    
   14.2690964      0.473196149    
   9.88612175      0.875899196    
   18.2679386       1.95056069    
   9.69052410       17.5074043    
   16.3011951       6.15603638    
   17.2036762       8.38307571    
   13.9917259       5.63837290    
   6.47501945       17.2383690    
   12.7956438       11.6891708    
   5.36005354       14.8300257    
   12.6040583       2.58554482    
   18.8936501     -0.633222222    
   5.77777576       2.81775713    
   11.2720022       9.81629181    
   7.77374029       6.20043802    
   15.0669584       19.2687340    
   17.0593319       23.4419785    
   8.86571693      -1.43966877    
   10.1759701       6.12435961    
