   14.2803621       4.96288586    
   6.29779291       19.2082634    
   5.13770008       17.5132275    
   18.6045151       17.8579559    
   5.60527086       14.4584160    
   14.5983887      0.629306614    
   5.68746805       9.32255650    
   7.79993296       17.9530106    
   12.9355907     -0.130245104    
   19.0618401       18.0928555    
   4.43492794       8.52276707    
   19.6170025       2.72908926    
   3.64759946       1.19821250    
   13.0878248       1.88424027    
   13.9471598       16.4754219    
   7.89738035       9.04824066    
   2.01935935       4.66841507    
   8.48356628       12.1218243    
   9.26949024       10.4928207    
   19.3117695       14.1675129    
   3.81550884       14.0626545    
   7.55675793       5.36590195    
   19.4835682       2.17993069    
   4.24315166       9.32846832    
   16.4339943       2.99741435    
   2.71863890       13.0135002    
   5.60746384       3.03991342    
   7.47228193       2.24294019    
   16.2726994       13.8364658    
   12.5175505       10.1976938    
   6.52095842       9.86148071    
   3.11069441       2.82730532    
   10.5392370       14.5240421    
   11.8770771       18.2882767    
   13.0610685       14.3351421    
   4.11696148      -1.84059087E-02
  -1.22483313       7.09653425    
   7.41344643       9.51735210    
   20.5653572      -1.25069201    
   14.9764748       9.40827560    
   18.9460506       11.6799936    
   15.6791763       2.56489062    
   6.22081852       8.17668533    
   13.8700838       15.9379406    
   11.0334206       15.3609076    
   12.0315533       19.4010792    
   1.41295564       6.68961000    
   6.07738638       8.16798401    
   6.40700006       14.8468361    
   9.57864475       4.49330616    
   13.7185373       2.35652041    
   17.3698101       17.7919655    
   16.2549419       12.4084034    
   13.4081650       20.1498985    
   14.8368864       7.38941288    
   8.46438217       5.67331314    
   20.1750736       15.0246038    
   12.4435043       9.28892899    
   20.5133972       11.1007490    
   16.5577126       17.1358471    
   19.8257065       18.0558758    
 -0.360364407       11.6726627    
   10.3459473       7.16449690    
   15.3198795       13.6815672    
   9.75221252       16.6657658    
   2.78294015      0.666477203    
   8.77691460       20.6267281    
   5.73856592       12.3609343    
   13.6919518       18.5631199    
   3.47526097     -0.358432412    
   1.75854862       4.13805199    
 -0.408978403       10.7862864    
   11.7040310       9.46024036    
   18.8183651       3.34498239    
   2.07124829       3.63934255    
   9.47649288       16.5234222    
   13.7316208       6.46532917    
   17.3935585       7.78043079    
   14.2067270       15.4996386    
   14.6484165       7.55798483    
   16.9001427       10.3735514    
   15.8618603      0.270042151    
   10.7394056       1.31149852    
   18.8811054       1.15899646    
   9.47835064       17.1485214    
   15.0439034       7.38797712    
   16.5583534       8.02133846    
   12.9911270       6.00771952    
   6.42091608       16.6937943    
   13.1933107       11.4874268    
   5.06864643       14.3823690    
   12.4519491       1.73610091    
   18.9078083      -1.27766490    
   4.75894070       2.40581036    
   10.7112017       9.20167923    
   6.72261858       5.56192970    
   16.0518284       18.7390995    
   14.3764839       23.5232811    
   9.54981709     -0.637037218    
   10.2942324       5.78188133    
