   16.5794983       7.13238049    
   3.78598738       12.0044041    
   11.4373379       10.6700668    
   6.54676771     -0.236110464    
   8.43536568       14.6900597    
   16.8698025       15.6847572    
   12.3548584       8.43911839    
   12.6624107       9.03564739    
   8.86543751       5.19511318    
   15.2485247       5.70319080    
   4.73706961       16.2676010    
   13.8153934       10.9621515    
   7.42020082       11.2148113    
   3.83516359       14.8433933    
   11.9465361      0.699011743    
   2.31094861       13.5521135    
  0.314811528      0.940973222    
   14.3751831       17.9687405    
   7.00925493       5.42999649    
   2.28914690       18.8824654    
   14.1873436       19.4329872    
   7.66735554      -1.16166604    
   13.7185106       12.1748323    
   8.87275791       2.05736685    
   7.68971491       10.6260328    
   11.4913368      0.337173253    
   8.77701759       12.3788853    
   3.68168807       11.6437540    
   1.35628176       10.5837688    
   13.7228117       13.5252924    
   20.3866272       11.6788006    
   11.0010471       7.61420393    
   13.0946207       6.88381767    
  0.257698357       11.7689066    
   3.97726893       6.71728611    
   4.04703808       6.38295698    
   4.59579706       14.7987881    
   1.86430240       15.3800163    
   3.91822529       5.93100071    
   3.91733432       3.71670675    
   4.77699709       10.2811203    
   16.5566730       19.7185001    
   7.15301609       2.10554218    
   20.1176739       11.7339468    
   14.0781879       3.87166786    
  0.979987681       13.8621960    
   6.89918137       5.36262035    
   5.88756657       18.7156963    
   10.0948505       5.08870077    
   11.1576252       11.4476824    
   9.83935833       1.36571002    
   19.6472683       14.8245792    
   6.66970158       7.07826328    
   9.52737999       19.6480255    
  0.162084013      0.687504232    
   6.34357214       9.08502960    
   2.65843534       11.8233852    
   12.2945776       7.28073883    
   18.3071613       7.12313318    
   11.3739901       22.8653107    
   19.5940342       5.58920956    
   7.10205555       2.09223080    
   2.66063786       10.8955231    
   15.9740543       3.97759771    
   14.5721340       5.27652836    
 -0.324988753       2.28081965    
   4.49654484       8.03999329    
   16.8967876       10.1333532    
   24.1968613      0.594300568    
   7.02546835       7.06485176    
   16.4035435       9.94864941    
   1.72923195       8.57381916    
   8.55298996       18.6451530    
   15.9496269       1.83744884    
   12.1312418       20.3626366    
   8.93322182       14.2175341    
 -0.817122936      -1.66444504    
   8.85330677       3.31490326    
   7.79557228       14.3116560    
   4.55494261       15.7502928    
   16.7345638       18.3390141    
   2.23660564       7.19257212    
  -5.03072031E-02   14.8230848    
   10.5165949       9.51776505    
   17.4979019       11.3686209    
   2.00400400       11.3487740    
   17.0478172       22.3717327    
   6.06707144      0.448758483    
   7.78978443       1.85443187    
   20.0170650       14.8415718    
  0.282421827       20.7700157    
   1.00880063       5.10930634    
   11.6222324       3.75150657    
   3.93830514       2.80020809    
   4.81258440       20.0629330    
   8.70267105       7.45270252    
   4.57863331       13.0329857    
   3.64246893       11.3818235    
   16.6410275       12.5255804    
   4.53792858       4.43350506    
