   14.3755846       2.90753341    
   6.04794502       19.4373302    
   4.65815592       18.4131298    
   19.7913761       19.9939919    
   5.02424526       16.1591740    
   14.6080542     -0.459158182    
   5.27898312       9.71217442    
   3.21771574       19.2478657    
   12.2193155      0.443527251    
   20.0739822       17.7533627    
   2.53195810       9.13851452    
   17.7616940       1.80406702    
   5.14531612       1.21152353    
   14.6922779       1.27353179    
   14.7966852       17.0820141    
   8.68932056       7.02639914    
   1.22738886       5.65856075    
   9.92421436       13.2454405    
   10.0036421       10.3392191    
   18.2825375       14.2140198    
   2.33137727       16.3851109    
   10.5808144       4.32215548    
   17.6036682       2.80225897    
   2.78141093       10.5638113    
   16.7794628       3.14294863    
   1.77098751       16.1511097    
   6.60768938       2.81116104    
   7.87636375       3.54258466    
   16.6690140       14.7800102    
   10.7585840       8.17919350    
   6.39484501       8.76890850    
   4.96613646       4.29373407    
   10.6056414       14.5789928    
   12.0513191       19.1739864    
   14.5201883       14.2967539    
   3.56139565      0.220599890    
  -3.18937135       9.20120907    
   5.34572935       8.08122826    
   21.4673901     -0.558120072    
   17.1178226       9.54566479    
   19.0585213       12.6463156    
   12.4895563       2.99156713    
   7.36008263       7.18680668    
   13.4409657       14.1306086    
   13.5994024       14.5424862    
   11.0367737       21.7587948    
   2.31303358       7.02079296    
   5.35839224       9.51762486    
   9.31413460       16.4180737    
   6.42201805       3.92408967    
   14.1660271       3.36618781    
   19.1787720       18.5854645    
   15.8966331       12.9119253    
   12.1357040       17.5494347    
   15.6906748       10.2319803    
   8.99380398       7.17769289    
   19.4641533       15.4479723    
   12.8320618       7.74556494    
   20.5747089       12.5616484    
   15.3500719       19.8985901    
   19.5302181       17.9347954    
   1.48208821       12.8544168    
   10.0695047       8.15026665    
   18.1146355       12.2835417    
   9.95902348       15.0978451    
   1.78178072       2.14454222    
   10.7472239       18.8907471    
   5.69322777       13.7036591    
   12.5747623       17.0973759    
   4.44497585      0.577107072    
   3.61688137       7.04142523    
  -1.04917705       11.9218426    
   9.70178890       11.4342775    
   19.2169285       4.58019400    
   1.43160772       3.64147377    
   9.29866314       16.1334419    
   13.8226547       7.10682011    
   13.8200731       6.90391397    
   15.0501451       15.9254875    
   14.4562035       7.99951029    
   16.1259174       10.7572575    
   14.2004280      -1.41930819    
   10.9224720       1.21634483    
   17.2302818       2.44803309    
   9.41516876       17.4807186    
   16.0790119       5.20184326    
   17.2593479       9.79690361    
   14.0859537       5.23351526    
   9.09496784       17.8090210    
   11.7825127       13.9872007    
   6.34621906       15.5111971    
   15.3340740       4.15118647    
   20.2583885     -0.665050566    
   5.60151911       1.43640614    
   11.6718912       9.67979717    
   7.87673903       5.33342505    
   16.8618832       20.6357136    
   16.8729630       25.2605038    
   9.66102028      -3.49734855    
   11.1240969       6.39845991    
