   13.3976421       4.74519968    
   7.82553530       19.7790432    
   5.69507456       18.6160641    
   19.0389366       17.5075970    
   4.51736021       14.6008339    
   15.7832546       2.57408357    
   5.37087440       8.80004406    
   4.89427710       17.9903278    
   11.2855396      -8.30001011E-02
   18.1239796       17.6677303    
   3.71443915       9.88454723    
   19.4901390       3.10293078    
   4.57785749       1.25449407    
   13.3599300      0.507100105    
   15.3453617       14.8152409    
   7.62305641       8.27127266    
   2.61665010       3.77393270    
   8.77009678       11.4939642    
   7.78314114       12.0455179    
   20.1834583       13.4106379    
   3.81654191       14.9516792    
   7.81602287       4.93109941    
   18.0080738       2.15425301    
   4.12545586       10.9841022    
   17.1327114       1.99735463    
   1.96860814       13.1899529    
   5.98550749       4.55686951    
   7.56381607       3.48406267    
   16.4999008       14.2416811    
   12.9609509       11.5237799    
   7.70574760       10.6305122    
   1.88606155       1.96689034    
   8.94636345       16.1968594    
   11.8706236       17.0542507    
   14.6119394       14.5684681    
   3.71774697     -0.532798767    
  0.819028199       5.66598082    
   6.69383526       9.60800648    
   20.3635845      -1.28555834    
   13.5548820       7.96218300    
   18.8457623       13.3600273    
   15.2234144      0.289803654    
   5.37695074       10.2715807    
   14.4127016       14.3004913    
   8.31314087       14.8864222    
   12.7117567       19.9336605    
   2.21015501       8.74807167    
   7.04971457       8.98928547    
   8.03211975       16.1132965    
   11.4348459       5.29733753    
   14.9427500       2.89172006    
   19.2683849       18.1505089    
   15.7703457       13.0523357    
   13.0012970       18.6518116    
   14.4427891       7.45406151    
   8.64931107       3.32237339    
   18.8359318       15.7413502    
   11.3642883       8.93441677    
   18.6290989       12.4503975    
   14.7099094       18.7907543    
   18.2072315       18.3144989    
  0.434027195       12.0240068    
   9.64261150       5.24766111    
   13.2474098       11.8599272    
   12.1161747       16.7498665    
   2.43567491      0.359779924    
   7.57897186       19.9131622    
   3.24048686       12.3319349    
   16.1275082       19.9939213    
   3.24942398      0.611244798    
   1.63873386       4.60435200    
   6.13193028E-02   9.35169411    
   10.8328648       9.79332352    
   19.5473213       3.43359828    
  0.900587082       3.85431910    
   9.15077400       17.8340225    
   13.3939638       7.21298170    
   17.6746712       8.30090141    
   13.5050669       15.7804079    
   15.2601862       8.48410225    
   16.8620567       9.82373810    
   17.2674637       1.91857743    
   9.56587315      0.595874071    
   18.3675995      0.783807456    
   9.47383308       14.6891756    
   14.3934135       8.53275204    
   16.8435669       8.71463585    
   14.2743092       4.57464123    
   6.17887592       16.7300243    
   11.2213583       11.4043503    
   7.49079895       14.0403376    
   13.0599451       3.38723135    
   16.9952717     -0.823202610    
   6.22159243       2.47171235    
   10.6381741       8.71887207    
   2.61735439       5.42601347    
   16.1951694       16.8854332    
   14.6389561       21.2188702    
   8.43464756     -0.903656960    
   9.48166084       7.23159933    
