   12.8549519       4.89191198    
   7.99113989       19.6654720    
   5.22704124       17.5274010    
   18.8905907       17.5490742    
   4.49822474       14.6596336    
   15.6504936       2.14894176    
   5.53110266       9.79210472    
   5.49113464       18.7500172    
   12.4283733      0.260767937    
   18.2352161       18.6847076    
   3.69570851       9.23687172    
   20.1224461       3.40143776    
   4.32411909       1.19531381    
   13.4795647      0.615773380    
   15.1803913       15.7255726    
   7.54019022       8.72720623    
   2.44687223       3.81352639    
   8.27663231       12.0240192    
   7.68355227       11.9636097    
   20.6563625       13.7498465    
   3.89100862       14.9779177    
   7.16915131       5.02173328    
   17.6296711       2.75466752    
   3.81047606       11.2920647    
   16.5700150       2.09550118    
   2.66981912       13.6258259    
   5.78328371       4.65608931    
   7.40512896       3.32955074    
   16.2907009       14.4497585    
   13.3320417       11.8313456    
   7.78461647       10.6843634    
   2.77740550       1.50586033    
   9.93194103       16.2715626    
   11.6562624       16.5561485    
   15.1938038       13.8906317    
   3.83590364      -1.04810643    
  0.566804588       5.71882439    
   7.14773750       9.46230507    
   20.4726868      -1.79429770    
   13.9030828       8.15376472    
   18.9610100       13.3064852    
   14.7156601      0.449704289    
   5.03742695       10.4547186    
   14.6077833       14.3263416    
   9.23944473       14.1190205    
   12.4726295       19.5584736    
   2.38079929       7.82641745    
   6.95758629       8.79152775    
   7.40290308       15.7510653    
   11.0189896       4.94606876    
   14.7519102       2.72100687    
   18.9090862       18.8149395    
   16.2375908       13.2519388    
   12.6272182       19.1426506    
   14.6871471       7.85699606    
   9.59889221       3.67575526    
   18.8228226       15.2588148    
   10.8648186       8.65865707    
   19.3307076       12.2218275    
   15.0618315       18.6744213    
   18.8519897       18.0604134    
  0.570505321       11.3805580    
   10.6508732       6.04396391    
   14.2758770       13.1325626    
   11.4050217       16.7464333    
   2.42234206      0.568243265    
   7.47912788       19.5389042    
   4.37208605       11.8047152    
   15.7137165       20.0761185    
   2.71471167      0.524044335    
   1.62022829       4.44488239    
 -0.902506173       9.99937820    
   10.5449104       9.84371185    
   19.2452259       3.49006629    
   1.53541863       3.40471148    
   9.02063084       17.0564938    
   12.8673716       7.08812666    
   18.5292473       8.36205578    
   14.1103382       15.5116310    
   15.6874361       7.69458628    
   17.3049641       9.15871429    
   17.1558571       1.77980971    
   9.59220123      0.369942725    
   18.3500824     -0.171638340    
   9.62811089       15.1414099    
   14.4941854       9.17936802    
   17.5479698       8.58582211    
   13.6811867       5.22670460    
   6.36434555       16.7192974    
   12.3034115       11.8705959    
   6.73908234       13.5264721    
   12.8508835       3.98140645    
   17.3359642     -0.948304474    
   6.11277390       2.88207078    
   10.4977741       9.23583221    
   2.55639243       5.64288521    
   16.8060455       16.6063881    
   14.6128979       21.6838226    
   7.83286619     -0.327363789    
   9.36381054       7.70021057    
