   14.9783926       3.51489258    
   6.68941641       19.7374954    
   5.32161522       17.2352219    
   18.5876026       18.2994003    
   4.78455496       16.4334106    
   15.2046099      0.352161616    
   6.20241070       8.78920078    
   4.90025520       18.4125481    
   12.1360731      0.361754030    
   19.0959053       16.1674976    
   2.79866409       9.20406628    
   19.0842209       2.95985627    
   5.66575623       2.62019634    
   14.5764513       2.40442514    
   15.1420584       18.1233654    
   8.35492611       7.44808006    
   2.69259834       5.40253592    
   9.55434799       11.7839870    
   8.09580040       10.2207470    
   18.3326607       15.4476223    
   3.29865026       15.9230499    
   8.57997131       5.57877493    
   19.6697636       2.50101113    
   3.24211097       9.99711514    
   15.7071095       3.36794662    
   2.25078583       14.7548323    
   5.34289312       1.98088741    
   8.22410297       3.90122557    
   16.3365135       15.3333225    
   11.5259390       9.25478745    
   5.36103344       9.38652897    
   4.57903433       4.45453215    
   10.7539644       14.8753786    
   12.4284916       18.5780010    
   13.6349258       14.2588282    
   4.42787695     -0.788542926    
  -2.56086087       8.42944336    
   5.30603409       7.70179319    
   20.5260830      -2.07465792    
   17.0283508       9.58259296    
   19.4753075       13.3794365    
   14.8675575       3.30505991    
   6.51351357       7.37549019    
   14.4797125       14.6137238    
   12.6365252       14.7204514    
   10.6551695       20.1185913    
   3.29383254       7.78451109    
   6.47851324       10.2588005    
   8.41920662       15.8283262    
   7.15249252       3.62894106    
   13.7114639       2.72544146    
   19.2416420       19.4723339    
   15.9688253       13.9396410    
   13.1801634       18.7626419    
   16.0349426       8.80741596    
   8.23932457       7.13700247    
   20.4887619       14.4822035    
   13.5741119       7.49666166    
   19.7067375       11.7177782    
   15.8258209       18.7677402    
   19.5094032       18.3809376    
   1.28020144       11.8707457    
   10.8526678       7.87421179    
   18.1451626       12.0842981    
   9.58990765       15.4475842    
   1.84713280       2.02136946    
   10.3479357       18.9324818    
   5.63705301       12.3560438    
   12.3306732       18.7680244    
   4.44141579     -0.360459864    
   2.92964768       6.05603504    
 -0.696696103       11.2034769    
   9.14381409       11.1266384    
   18.3898010       3.52595758    
   2.08977747       3.67971969    
   9.47670555       16.3001099    
   13.9266672       6.71185923    
   14.4027309       7.77473021    
   15.0158882       16.6933727    
   14.3355885       8.29657459    
   17.8754253       11.8996563    
   14.0113106     -0.491391599    
   10.9841194       1.23171508    
   18.0624924      0.784955859    
   9.60562706       17.7819252    
   15.9567719       4.56376505    
   17.2761211       8.93940639    
   14.6906824       5.15407944    
   8.08746147       17.1645870    
   10.9201221       12.1925945    
   6.85030746       14.2510576    
   14.0811672       2.17852211    
   20.0141602     -0.812178314    
   6.19427919       1.91169870    
   11.9241228       9.07393646    
   8.00209713       6.54202509    
   15.4642916       19.6425228    
   17.0673389       24.7462692    
   9.96838474      -2.16484523    
   10.3447790       5.92935801    
