   14.1858778       5.00296450    
   6.47706604       18.9681301    
   5.40322256       16.8577118    
   18.8976345       17.9698162    
   5.25121784       14.5652838    
   14.8002024       1.20890272    
   5.72838306       7.93155336    
   6.68387127       17.2444077    
   12.5345449     -0.450250059    
   19.4881229       16.8016853    
   3.86980319       8.82951450    
   19.1629372       3.72222757    
   4.36607790       1.89343262    
   13.8620310       2.32473421    
   14.5907431       16.4308472    
   8.19779110       7.97889566    
   1.92288017       3.81081510    
   8.91332054       12.1725397    
   8.08728313       11.4767637    
   18.7453289       13.9434938    
   3.70700336       14.3614416    
   8.05801296       5.06259918    
   19.1540966       2.05909038    
   4.12946463       9.54664135    
   16.1565723       2.68182778    
   2.72363472       12.7042446    
   5.23882866       2.05929399    
   8.08724594       3.12853599    
   16.5490379       15.0875072    
   12.4035673       9.72773361    
   7.12677670       9.51039124    
   3.21673584       2.76901460    
   10.7477341       14.5625496    
   12.2872639       18.1748848    
   12.1057014       13.9241028    
   3.61933136     -0.188715592    
  -1.02459133       7.60304689    
   6.49384165       8.75471783    
   19.8722095      -1.02392328    
   15.0311670       8.94271946    
   19.3804035       12.4486399    
   15.2462816       2.64877033    
   6.14757442       8.25685406    
   14.3818769       16.1342449    
   11.1075954       15.8452644    
   11.5686941       20.5321274    
   2.17762876       7.18100977    
   6.52502394       8.52524471    
   6.86413288       14.6017418    
   8.58765697       3.95682669    
   13.8387394       2.93629384    
   17.4961967       18.7039280    
   16.9842796       12.3210516    
   13.6546564       20.3436890    
   15.9066076       8.13598824    
   8.46731186       5.93441963    
   20.3751240       14.8699999    
   13.2615852       8.61679649    
   21.4191685       11.2473354    
   17.0146618       18.0454540    
   19.4441547       19.3767128    
   8.42515603E-02   12.5761576    
   11.0485382       6.76827812    
   15.5511103       13.1105680    
   9.82947636       16.2830257    
   2.06218839       1.52110684    
   9.22302246       20.9497490    
   5.80382633       12.2558432    
   13.1549816       18.6324577    
   4.92505598      -6.27826303E-02
   1.66485465       4.79285049    
  -1.16619027       10.9557533    
   10.9415846       10.0265484    
   18.7169437       3.81028080    
   2.90644836       4.19505072    
   9.30369949       16.7132568    
   14.3862600       6.81251431    
   16.0592670       8.04915333    
   14.6630039       16.2131367    
   15.5544538       7.52439547    
   16.9130268       11.2949543    
   15.4691277      0.399264902    
   10.3863049      0.707091749    
   18.3785534       1.39535236    
   9.41606140       16.9188805    
   15.3497610       7.03819895    
   17.1300430       8.96136284    
   13.9292183       6.04907656    
   6.76082230       17.6264381    
   13.3659353       11.8137741    
   4.59363604       14.6290150    
   12.2189789       2.66940832    
   18.8601532      -1.05326760    
   4.79267359       3.28648424    
   11.4858227       9.41039658    
   7.45379353       6.26773977    
   15.8627052       18.6196156    
   15.8538771       23.3271828    
   9.41633797     -0.862865508    
   9.89460278       5.90597391    
