   12.7104778       6.02747583    
   6.84288263       19.3115501    
   4.69859695       16.4428139    
   18.5155888       18.9762897    
   3.56538820       13.3545914    
   16.7483673       1.66288686    
   4.28032923       10.1933489    
   5.62292099       19.3970299    
   11.9332237       1.44135237    
   18.8380680       15.9648857    
   2.65039515       9.33024311    
   19.1582241       4.57092094    
   4.99535084       1.78510463    
   12.1831694      0.433370024    
   16.2042770       15.9972639    
   6.96759748       9.02585411    
   1.81408238       2.84251523    
   9.31710815       10.7443247    
   7.79927826       10.4524078    
   19.8857346       14.4048262    
   1.35261059       16.6417084    
   7.92568111       4.21356153    
   16.9297371       1.45377624    
   4.15508270       9.37331486    
   16.3133469      0.241565198    
   2.33868957       11.4964876    
   7.12760448       4.08728981    
   7.68792200       4.77116823    
   16.6780930       13.0693207    
   13.5088835       12.0490198    
   7.31748390       11.3310547    
   1.23256922      0.878917158    
   8.60255814       15.3083935    
   13.6717920       16.9342670    
   14.4491615       13.3940067    
   3.60778737      0.300460190    
   2.23502231       5.73816442    
   6.66925192       9.35423946    
   19.8030834      0.148240641    
   13.6693516       8.90957546    
   19.6122131       12.4998569    
   15.5218534       4.52641733E-02
   5.51954603       9.99833107    
   15.2977934       16.3838654    
   8.25272083       13.7676859    
   11.7577171       19.2627010    
   2.52466297       8.04158497    
   6.95809746       9.05462074    
   8.49228859       15.6127539    
   11.2944202       6.12693167    
   15.3832359       2.13009667    
   18.1384354       17.5568485    
   14.7009611       13.3571692    
   11.3711367       17.8464680    
   14.8664799       8.12280369    
   9.11344051       2.69655013    
   18.4544144       14.6498489    
   12.5522594       9.22384262    
   19.0111485       11.9656401    
   14.9136457       19.4790802    
   17.1911259       18.5230484    
   1.25433135       11.9915905    
   9.25932026       4.28832626    
   14.3057442       13.6373014    
   11.2171545       16.2327366    
   1.16984522       4.50045019E-02
   6.64380884       18.4246578    
   3.18416834       13.9476137    
   15.5186577       19.8471546    
   3.42328095      0.746500790    
   2.24503922       3.66526413    
  0.782087207       10.0673246    
   10.1133413       9.14928722    
   19.4587059       2.70711350    
  0.687926292       3.55475330    
   8.74449730       16.6129627    
   12.5873013       7.15820646    
   17.8373241       7.56103086    
   12.6441908       16.8980656    
   14.6637173       9.06637096    
   17.1717701       9.77575588    
   18.1593590       1.46835709    
   9.15953445       2.42671275    
   19.0904236       2.03785205    
   10.7075043       14.2555037    
   13.6381016       6.92184782    
   16.8266563       9.54052448    
   14.2419777       5.01596832    
   6.17259216       17.2308464    
   13.1032190       10.3071203    
   8.03494835       14.2020845    
   12.6734486       2.48542953    
   18.1928463      0.213505283    
   5.82248545       1.83883035    
   10.4968262       8.55140972    
   3.55559182       4.70752716    
   16.7223778       16.9471760    
   12.9116716       19.6453648    
   7.67914343      0.122851312    
   10.3950195       8.34216785    
