   14.7645016       3.08475208    
   6.44126129       20.1780415    
   4.77423048       18.1701088    
   19.1981907       19.0609512    
   5.59488297       16.1326962    
   15.8711309     -0.300241768    
   6.04651451       9.66328335    
   3.98426318       19.0356808    
   11.0816545      0.450033098    
   19.9369316       16.5317287    
   3.10974216       9.79522896    
   19.0587559       2.13550639    
   5.63322926       1.68622315    
   14.8129263       1.60912549    
   13.9673939       17.6193295    
   7.89340734       7.99886751    
   1.91194630       5.53838539    
   10.6772842       12.4219112    
   9.25797939       10.4756479    
   18.0257549       14.6717739    
   2.81425333       16.2641926    
   9.85661316       4.83768225    
   18.4203625       2.98974800    
   3.43302965       9.90131283    
   16.0171795       2.92026496    
   1.59901905       15.1966820    
   6.02729225       2.90452194    
   8.40112495       4.01154709    
   16.4028454       15.7297201    
   11.2344599       8.58637333    
   5.90552235       8.90594387    
   4.01668549       4.86976957    
   9.64945602       15.2946682    
   12.3900480       18.4754677    
   14.3232317       13.2461462    
   4.01110315     -0.389286548    
  -3.26049519       9.48534966    
   5.34621382       7.80296803    
   20.5159264     -0.102746807    
   16.5259647       8.98875809    
   19.4420204       12.3892488    
   13.9788074       2.93212247    
   6.24864674       8.14716339    
   14.3840599       14.9003239    
   13.7372837       15.4639864    
   10.9255304       21.2438736    
   2.60424137       7.84113455    
   6.08648872       9.05311680    
   9.23433781       16.8971577    
   6.79426050       3.49138165    
   13.8128147       3.77045393    
   19.2939873       19.0335789    
   15.5632868       13.6179714    
   12.3163271       18.9452038    
   16.4270935       9.08371162    
   8.48875523       7.73022652    
   19.2397728       15.3421917    
   13.4637175       8.12309170    
   20.1674099       11.7521677    
   15.3309097       19.7326794    
   20.2750263       17.9141998    
   1.61420131       12.5039082    
   10.4211693       7.42161798    
   18.4246769       11.6588345    
   9.85400963       15.2604151    
   1.79439807       1.34439325    
   10.7151728       18.0465603    
   5.57444096       13.8106565    
   12.1352463       17.9745884    
   3.67218828     -0.100913174    
   2.95746994       6.97580957    
 -0.552312911       11.9681730    
   9.00994682       11.8047571    
   19.1048355       4.21473789    
   2.33621335       4.09253883    
   9.27987957       16.0600662    
   14.4924212       7.08856583    
   13.4935122       7.32032919    
   15.4527922       15.8953438    
   14.1476278       7.70686626    
   17.2388000       11.0553331    
   15.0193529      -1.02882588    
   11.6709213       1.89418864    
   17.2434406       1.46446180    
   8.97151470       17.0309048    
   16.3010693       5.35012245    
   16.8045082       9.01102829    
   13.8265266       4.95152521    
   8.27312279       17.1601963    
   11.0347338       12.5548716    
   6.35523462       14.7791500    
   14.7420797       2.72639918    
   20.0301189      -1.92951632    
   5.10299492       1.18695140    
   11.8606024       9.01172256    
   8.07501125       5.88381052    
   16.4024639       19.4684906    
   17.2048454       25.1130199    
   9.19772148      -2.27750087    
   10.2731323       6.31828117    
