   14.4769917       4.80437756    
   6.35606813       19.2829933    
   5.73665714       17.1579933    
   19.2110081       17.7653904    
   5.42785835       14.6380520    
   14.6241646      0.896611631    
   5.76149273       8.23127556    
   6.89554119       17.4005642    
   12.4551859     -0.210539952    
   19.2963066       17.1136875    
   3.77536130       8.96061707    
   19.1424389       3.65088487    
   4.11813450       1.89614701    
   13.7253542       2.29010558    
   14.4424314       16.4836712    
   8.20896053       8.23881721    
   1.96833920       3.55189371    
   8.67643642       11.9699488    
   8.41287518       11.1426439    
   18.6346893       14.1177292    
   3.74515533       14.2593231    
   7.78530455       5.29564810    
   19.1071968       2.13189816    
   3.97115731       9.68868732    
   16.1522388       2.97191763    
   2.55593705       12.7602587    
   5.33479071       2.31194854    
   7.85078335       2.82947588    
   16.3389053       15.3750191    
   12.2999668       9.48840809    
   6.86682510       9.46242142    
   3.50401974       2.82093644    
   10.7526417       14.5208035    
   11.9710741       18.4163475    
   12.1118288       14.0075016    
   3.83637357      0.149236187    
  -1.13584614       7.47742271    
   6.36546278       9.05871105    
   20.2197838      -1.18989170    
   14.9115229       9.24365997    
   19.0490208       12.6695566    
   15.4442530       2.83756328    
   6.08084011       8.09985924    
   14.2474356       15.8986082    
   10.8527260       15.6968555    
   11.3914318       20.5930691    
   2.45288897       7.30318308    
   6.40015221       8.22465992    
   6.52634382       14.3957930    
   8.85386372       3.97309518    
   13.8371191       2.98755765    
   17.3821735       18.6606159    
   16.8815727       12.5928974    
   13.8678427       20.1257420    
   15.7383661       8.04479027    
   8.34297752       5.62187243    
   20.2810287       14.9728889    
   12.9545994       8.86565685    
   21.3722687       11.1204023    
   16.7204170       17.7290325    
   19.4514275       19.5895882    
   4.75943126E-02   12.3552742    
   11.3155718       6.73274279    
   15.5391359       13.2227602    
   9.67041397       16.5658588    
   1.96093011       1.22033870    
   9.26324177       20.6855526    
   5.90051889       12.2266273    
   13.0163717       18.3701782    
   4.98643303     -0.307659030    
   1.55722034       4.52849960    
  -1.08991539       10.8663578    
   11.1268988       10.0837126    
   18.8890228       4.09918928    
   2.98949385       4.18389750    
   9.31390190       16.6100864    
   14.2990894       6.66718721    
   16.1800156       8.18110561    
   14.6843290       16.0673656    
   15.2836380       7.69422340    
   16.6509495       11.3638868    
   15.6925898      0.474655032    
   10.3358393      0.444225669    
   18.6937389       1.42763925    
   9.51605129       17.2510605    
   15.5098944       7.28016996    
   17.4238682       8.64206982    
   13.5873337       6.09490061    
   7.09400797       17.3246593    
   13.7074175       12.1538992    
   4.27134705       14.6619043    
   12.2124834       2.70163846    
   19.1646576      -1.37295401    
   4.65181160       3.10510325    
   11.7303467       9.45306587    
   7.52854252       6.36462450    
   16.1094494       18.8288956    
   15.8940392       23.5919724    
   9.47285175     -0.878687084    
   9.75986099       5.93048763    
