   14.9594612       3.21410108    
   7.09657812       19.5941391    
   4.84664488       17.7127609    
   19.0571098       18.9807491    
   5.23773718       16.1498337    
   15.6665440       9.79411453E-02
   6.24612284       9.52602768    
   4.30843306       19.2611485    
   11.0898075      0.603898466    
   19.8670502       16.4371738    
   2.77876067       9.59310627    
   19.2448273       2.31504750    
   5.36911631       2.36914539    
   14.5091114       1.96775186    
   14.1611996       17.8201332    
   7.48565340       7.86500454    
   2.20161033       5.55989647    
   10.3546066       11.4807177    
   8.77722454       10.3923197    
   17.7984791       15.4165792    
   2.62364888       15.8263359    
   9.26149654       5.05317402    
   18.8975163       3.09719920    
   3.65937138       9.97457504    
   15.9576216       3.18166280    
   1.52345788       15.1204329    
   6.05579662       2.35357237    
   8.50351238       4.06013680    
   16.3956680       15.3038616    
   11.4224005       9.22950363    
   5.78082943       8.56362152    
   4.40826368       4.85619640    
   9.96259594       14.9391422    
   12.5060740       18.4588776    
   13.9457254       13.9971199    
   3.30602193      -7.92578012E-02
  -2.45117211       9.41988754    
   5.04922581       7.93831873    
   20.6460743     -0.719740987    
   16.3567848       9.60875797    
   19.8762474       13.1165237    
   14.4769239       2.87300944    
   6.14251757       7.35847759    
   14.7066660       14.3890495    
   13.6569004       15.2428532    
   11.1227961       20.6398125    
   2.88151860       7.13946629    
   6.44943523       9.18568611    
   8.76105881       16.7410240    
   6.84280634       3.63706517    
   13.6976757       2.85189366    
   19.3496819       19.2260990    
   15.3718786       13.6605740    
   12.7891512       19.1179771    
   16.3150196       9.28314304    
   8.76169109       7.49902487    
   19.5945587       14.7903214    
   13.5721245       7.69601822    
   20.5284882       11.5219297    
   15.3497658       19.1226921    
   20.3458405       17.4849892    
   2.06727099       11.5673285    
   10.4049473       7.54115152    
   18.0841331       12.0203762    
   10.2842474       15.4232140    
   2.13987899       1.77564085    
   10.8459167       18.5986080    
   5.35086298       13.2608328    
   12.3003893       18.1710606    
   3.73780727     -0.689348996    
   2.75365257       6.58124352    
 -0.722501218       11.2524710    
   8.98902225       11.0505199    
   19.0198708       3.77642751    
   2.12162948       3.71826839    
   9.19865513       16.1005383    
   13.9888439       6.84618473    
   13.9837837       6.94627190    
   15.4001427       15.9789829    
   14.3604650       8.00248528    
   17.2820969       11.8395414    
   14.3187895     -0.750776291    
   11.3254271       1.82293439    
   17.6639881      0.929502010    
   8.85924721       17.1190224    
   16.1963253       5.17078066    
   17.2205982       9.11332512    
   14.2142096       5.45796394    
   8.49043465       17.1999569    
   11.1159763       12.1648207    
   6.54563332       14.7059288    
   14.5554457       2.71679211    
   20.0198288      -1.57330978    
   5.27292490       1.57295203    
   11.6754484       8.88354301    
   8.05599213       6.04276133    
   16.0943222       19.3101616    
   16.8705883       24.7339458    
   9.73438072      -2.49799657    
   10.3127012       5.81788826    
