   14.4505701       4.66884184    
   6.99139881       19.6126595    
   5.14230061       17.3418064    
   18.7755833       17.7725239    
   5.42506933       14.8398809    
   14.9039259       1.66809082    
   6.00415516       9.93885612    
   7.21520758       17.8835602    
   12.4561644     -0.575919569    
   19.4926548       18.3037186    
   4.53578854       8.98590469    
   19.2527409       2.37610126    
   3.58608627       1.77684784    
   13.1978302       1.38332808    
   14.0578651       16.0076885    
   7.62167120       9.13065815    
   2.13255978       4.66715288    
   7.99632502       11.8422136    
   9.22471809       10.2455788    
   19.3292961       13.8448992    
   3.69769001       14.8270473    
   7.74928904       5.27390242    
   19.5920868       2.69884229    
   3.64956450       10.1059484    
   16.5177841       3.04463100    
   2.39148927       13.3531799    
   5.58809233       3.12155676    
   7.71511078       2.80315876    
   15.8352280       13.9614496    
   12.8379393       10.3459368    
   6.63397408       10.2403345    
   3.27445006       2.29608345    
   10.5153656       15.0738039    
   12.0829706       17.8112164    
   13.2134132       14.7136917    
   4.26993084      0.415470600    
 -0.802978396       6.62628889    
   7.18037701       9.54557419    
   20.4601612      -1.85287547    
   14.8840523       8.97397995    
   18.7919559       11.8067303    
   14.9575634       2.19622827    
   6.03078747       8.45120144    
   14.2694969       15.5550976    
   10.8685141       14.8145723    
   12.1249199       19.3976116    
   2.11359477       6.74107313    
   6.06369448       7.62978506    
   6.14219570       15.0858145    
   9.51525593       4.65281487    
   13.6438723       2.24854636    
   16.6543903       18.4659882    
   16.0029602       12.4801912    
   13.8404770       19.7743587    
   15.3224258       7.44947433    
   8.57997227       5.07281971    
   20.5086823       14.2710552    
   12.3822584       8.87485695    
   20.1612167       11.7206316    
   16.2776947       17.1336117    
   19.3595104       18.3324490    
  0.286779433       11.1935787    
   10.0630226       6.86885118    
   14.9108496       13.6774511    
   9.54787636       16.9018993    
   3.09497237       1.13872004    
   8.37471485       20.2009506    
   5.33896542       12.2041502    
   14.3391237       18.9729939    
   3.36157703      -1.16297305    
   1.21595132       4.11748934    
 -0.677854478       10.8209772    
   11.2245884       9.29238224    
   18.6412106       3.25415635    
   1.79771376       4.01537704    
   9.59884834       16.7659683    
   13.2974834       5.75136995    
   17.4454803       7.99319839    
   13.6872463       16.0002460    
   15.3390903       7.99123192    
   16.2142162       10.8327675    
   16.0315628      0.627339065    
   10.4542713       1.38348794    
   18.1228733       1.01403916    
   9.36250973       16.9673004    
   15.0503721       7.21784210    
   16.7271023       8.33142662    
   13.1817923       4.95579815    
   6.17119312       16.6831284    
   13.1803980       11.2917318    
   5.48799276       13.9004755    
   12.6780138       2.42324305    
   18.7172890      -2.07258534    
   5.43095160       2.18683624    
   10.9125767       8.78281784    
   6.62409019       5.19609833    
   16.5264835       18.6142292    
   14.5416336       23.0769100    
   9.17572498     -0.456849515    
   10.5633907       6.45131254    
