   13.9206972       4.36822605    
   7.16263914       20.0051460    
   5.35092545       17.2088451    
   18.7166042       17.5753918    
   5.29785442       15.0351267    
   14.9310055       1.69602060    
   6.00366640       10.1116791    
   7.35113764       18.3975830    
   12.8008890     -0.891554654    
   18.9882278       18.2483215    
   4.45976305       9.47368336    
   19.2675266       2.60931635    
   3.76607394       1.40662169    
   12.9576015       2.01375389    
   14.1071815       15.8790560    
   7.57550001       8.86543083    
   1.74000013       4.72633600    
   8.21676064       11.6228333    
   9.71115398       10.1156540    
   19.7992401       13.8267565    
   3.51414514       14.3397293    
   7.85237646       5.18607998    
   19.2157211       2.11131859    
   3.14197469       10.2415257    
   16.4552860       3.01115227    
   2.71895218       13.0441389    
   5.52239370       3.47374916    
   7.84888649       2.74977684    
   15.8992128       14.1053047    
   12.6426430       10.6291971    
   7.00742197       10.3863058    
   3.46716952       2.12675714    
   10.8770828       14.7661705    
   12.1280842       17.6611443    
   13.2031193       14.8160934    
   4.03990841      0.261833102    
 -0.720621645       6.67441988    
   6.99539375       9.08027840    
   20.4096298      -1.79120135    
   15.0578747       8.97295284    
   18.7206955       12.3018970    
   14.9539490       1.92802215    
   6.27118444       8.78865623    
   14.4134111       16.0499363    
   10.9133224       14.3713684    
   12.3861723       19.7840672    
   1.72981083       6.82732344    
   5.80960798       7.64325857    
   6.63628387       14.9445362    
   9.67362690       4.54078531    
   13.9145641       2.47216821    
   16.8680382       18.2339878    
   15.5791245       12.3921919    
   13.8139076       19.8045673    
   15.6343050       7.95525885    
   8.76189804       4.65177774    
   20.2317581       14.6844149    
   12.1127892       8.89372540    
   20.1919117       11.8346090    
   16.3486691       17.2951393    
   18.7535801       18.6973495    
  0.102338046       11.4561167    
   9.91477394       6.79157352    
   14.4167204       13.9201574    
   9.75866318       17.3376007    
   3.25256181       1.46282876    
   8.18062019       20.6580791    
   5.13193607       12.2294350    
   14.7859001       19.0574074    
   3.38468051     -0.666198015    
   1.41571414       3.63408470    
 -0.712837517       10.6023197    
   11.4415379       9.54170799    
   18.3493061       3.10173512    
   1.78344703       3.99354315    
   9.46080017       16.6175137    
   13.1130934       5.80605459    
   17.8673782       7.91585493    
   14.0237112       16.0023212    
   15.4364653       8.05397606    
   16.2960281       10.6572313    
   16.0600338      0.773918092    
   10.6964998       1.61910760    
   18.3793812       1.23225546    
   9.85624981       16.8739204    
   14.8154058       7.30551195    
   16.8089809       8.23025513    
   13.4356213       4.72790384    
   6.32669020       16.3411236    
   13.6350012       11.8962870    
   5.41324568       13.7730703    
   13.2295198       2.77859211    
   18.1729927      -1.98559844    
   5.57991886       2.07309222    
   11.0329762       8.76110649    
   6.07358265       5.39082766    
   16.6400051       18.5803337    
   14.2909966       23.0221214    
   9.24531651     -0.385864019    
   10.5015831       6.68008280    
