   12.7630119       4.66893482    
   8.20595074       19.3352528    
   5.07394981       17.8608074    
   19.0944843       17.3076687    
   4.75801134       14.4906082    
   15.7136431       2.39851451    
   5.32976627       9.95348167    
   5.42888403       18.6831532    
   12.2901001      -2.31714007E-02
   18.0798645       18.4477062    
   3.55906773       9.28029251    
   20.0406609       3.60109138    
   4.52785921       1.34936440    
   13.3635426      0.716856003    
   15.3171511       15.5494404    
   7.35101461       8.53621483    
   2.24083805       3.83758354    
   8.49125957       11.8235741    
   7.81291437       12.1349354    
   20.3455143       13.8960257    
   4.11664677       14.9140663    
   7.26557922       5.19661188    
   17.6899586       2.60948229    
   3.86982799       11.2980242    
   16.7893238       2.29093218    
   2.76682901       13.3970652    
   5.78828716       4.56585217    
   7.70746183       3.30419660    
   16.4762173       14.2636585    
   13.6044950       11.9877930    
   8.11818504       10.7857170    
   2.47036481       1.84753978    
   10.0948610       16.6074104    
   11.4923248       16.2376881    
   14.9500141       13.9039955    
   4.18459463     -0.840126693    
  0.732483983       5.47958851    
   7.47470188       9.27215290    
   20.4512291      -1.67706954    
   13.6395893       7.89913034    
   18.8556957       13.2271166    
   14.6920147      0.103739537    
   5.35724783       10.1358023    
   14.2774029       14.5968161    
   9.28687096       14.3067646    
   12.8017893       19.5182133    
   2.08572364       7.97359848    
   6.73831987       8.85006523    
   7.57839632       15.6669941    
   11.2991552       5.20861816    
   15.0418634       2.73854089    
   18.8290939       18.6543808    
   16.0186634       12.9670086    
   12.8245907       19.0563717    
   14.5274887       8.16632175    
   9.55142212       3.50590301    
   18.8878288       15.6047516    
   11.0517817       8.75714493    
   19.3346252       12.4973278    
   14.9789476       18.5664711    
   18.5306091       17.8218632    
  0.655631363       11.6557350    
   10.3151760       5.71684170    
   13.9574385       12.9715004    
   11.2154617       16.4608288    
   2.45488524      0.283285528    
   7.58338261       19.5873280    
   4.24674368       12.1196384    
   16.0121784       20.1808643    
   2.84566069      0.363194108    
   1.71526229       4.37389803    
 -0.765357196       9.65935993    
   10.6489811       9.84471893    
   18.9040680       3.40764213    
   1.43927479       3.20638537    
   9.27736378       17.0165844    
   13.0937147       7.00095844    
   18.5209465       8.28120613    
   13.7889071       15.8349428    
   15.5533323       7.87257767    
   17.3621769       9.29792118    
   17.3113937       1.87501585    
   9.68899632      0.438956261    
   18.1814213      0.115456492    
   9.86930943       15.3560200    
   14.5684977       9.18370438    
   17.3366299       8.64668560    
   13.9024372       4.89444828    
   6.59912539       16.4544048    
   12.1491327       11.8295183    
   6.51664686       13.3424149    
   13.1235752       3.86469030    
   17.6553612     -0.861008823    
   6.21575737       2.74306273    
   10.1562786       8.96313381    
   2.51419353       5.53789139    
   16.7361584       16.6160145    
   14.3461189       21.3971481    
   8.01255989     -0.446036756    
   9.06550598       7.95858192    
