   14.1826401       4.36551619    
   7.30447578       19.9514656    
   5.42543268       17.4088631    
   18.4518185       17.7387333    
   5.58983374       14.9264650    
   15.1638575       2.00697231    
   5.87364340       10.2490339    
   7.14026594       18.2079601    
   12.4656267     -0.848955810    
   19.2657413       18.5896473    
   4.43166780       9.28609753    
   19.1690769       2.35116291    
   3.61282945       1.70247412    
   12.9545145       1.68018031    
   14.2746601       15.7145281    
   7.58546543       9.12886238    
   2.01898909       4.62429714    
   8.31484795       11.6170282    
   9.36341000       9.90812874    
   19.4918423       13.9506578    
   3.42014074       14.5082722    
   7.83446360       5.38438511    
   19.5307140       2.41124606    
   3.36062050       10.3101149    
   16.6127281       3.23480058    
   2.64996791       13.3486223    
   5.51292372       3.16194677    
   7.99502468       2.82362175    
   16.0976448       13.8509083    
   12.7452221       10.6073141    
   6.78463936       10.1115761    
   3.56306577       2.02741623    
   10.7062826       15.0841827    
   12.3413477       17.9823513    
   13.0441084       14.5260010    
   4.00547457      0.276929706    
 -0.539332211       6.82712650    
   7.08164167       9.35215569    
   20.5357475      -1.86278284    
   15.2127905       8.83251953    
   18.7444229       12.1076736    
   14.6508856       2.11366200    
   6.17091751       8.75687599    
   14.4171925       15.9044037    
   10.7261477       14.6540184    
   12.4672623       19.7431946    
   1.90221786       6.50141001    
   5.72477579       7.51273203    
   6.29543877       15.1771898    
   9.33161354       4.69347668    
   13.7240772       2.22061396    
   16.7411499       18.4151516    
   15.7755604       12.5419254    
   13.7919331       19.4816837    
   15.6465569       7.71444035    
   8.83314896       4.92842913    
   20.4772129       14.5700741    
   12.4559546       8.71131897    
   20.2352676       11.4860849    
   16.3040199       17.3030643    
   19.0098305       18.6122913    
   6.97158948E-02   11.3192406    
   9.98634529       6.92339611    
   14.7022934       13.6601763    
   9.83692646       17.2429790    
   3.43796563       1.32830584    
   8.16220665       20.5168037    
   5.33185577       11.9759865    
   14.5901775       19.2398319    
   3.56779766     -0.950766563    
   1.20561469       3.85398483    
 -0.897723734       10.8761396    
   11.2573528       9.53555679    
   18.4117393       3.33727741    
   1.50707972       4.05383921    
   9.51951408       16.6441956    
   13.3806467       6.09056282    
   17.7758694       8.07833672    
   13.9130249       16.0010223    
   15.4390116       7.74835968    
   16.1664066       10.5856876    
   16.0687027      0.800262153    
   10.7130537       1.56712103    
   18.1561241       1.24945593    
   9.67105579       17.1774368    
   15.0204964       7.29840994    
   16.4982872       8.33233261    
   13.5123606       4.90402031    
   6.37605333       16.4990692    
   13.4647579       11.5822144    
   5.21712399       13.5814075    
   12.9115772       2.49152613    
   18.4449463      -2.15598726    
   5.49014044       2.01447701    
   10.9018221       9.07772255    
   6.32155895       5.19185162    
   16.4402561       18.7633705    
   14.2407160       23.0792999    
   9.28154564     -0.180439606    
   10.4716187       6.74796724    
