   13.8377657       4.91515493    
   6.20372725       19.2751446    
   5.66346359       16.9892540    
   18.7605419       17.7477589    
   5.44789028       14.3159418    
   14.1224604      0.197002143    
   6.12213469       8.60856915    
   7.72554541       17.4399471    
   12.4077225      -5.41847162E-02
   19.6110401       18.0591774    
   3.95170021       8.83600330    
   19.5167561       3.22329092    
   3.65117502       1.79617250    
   13.6420536       2.28821039    
   14.0755930       16.5971642    
   8.25861740       8.64460373    
   2.06201816       4.43210983    
   8.47394466       12.0730505    
   8.71650600       10.7437725    
   19.0502644       14.2697735    
   3.69906211       14.3612118    
   7.56841326       5.24319220    
   19.5818748       2.30634952    
   3.77839804       9.45174217    
   15.9043636       3.25226068    
   2.91979575       13.1040277    
   5.46740770       3.00836515    
   7.68074512       2.59984922    
   16.3406849       14.4194851    
   12.5377159       9.85737228    
   6.73627138       9.81537628    
   3.46852469       2.59548736    
   10.3320951       14.7923660    
   12.2583447       18.2204075    
   12.7711487       14.2847681    
   4.30919743      0.250715256    
  -1.17885602       7.34724903    
   7.15414953       9.63697910    
   20.4628544      -1.07181108    
   15.4470968       9.35341644    
   18.8149853       12.1967812    
   15.4721098       2.81813669    
   6.68585920       7.59521818    
   13.9043875       15.6588526    
   11.1085281       15.3344727    
   12.3138866       20.0989342    
   1.88203883       6.58517933    
   6.50693703       7.76850224    
   6.49670219       14.8620081    
   9.15173244       4.34056664    
   14.3001823       2.96223426    
   17.0154305       18.1215172    
   16.9675007       12.5986004    
   14.1030025       20.2908401    
   15.4734840       7.95215750    
   8.69437122       5.52167225    
   19.8943291       14.9311714    
   12.3453188       8.96785069    
   21.0950985       11.0735350    
   16.5268211       17.4205666    
   19.5703583       18.5308838    
   1.17592849E-02   12.1439409    
   10.5029964       6.72700596    
   15.4518251       13.8167477    
   9.46679497       16.5468464    
   2.16847324       1.04231834    
   9.18977356       20.7843800    
   5.49555111       12.1074648    
   13.3128071       18.8094940    
   4.16456604     -0.374247700    
   1.21413457       4.13977575    
  -1.04446387       11.3737822    
   11.5698967       9.86976337    
   18.4778290       3.52931023    
   2.92933011       3.91604209    
   10.0082664       16.6830635    
   12.9315119       6.42634201    
   16.9610691       8.31690598    
   14.3139906       15.7220259    
   14.9074240       7.08908558    
   16.6124783       10.6898441    
   16.2255707       9.60542262E-02
   10.3731709       1.25846684    
   19.5748367       1.46570337    
   9.70132542       17.2615643    
   14.5436697       7.33572865    
   16.9575596       8.60010719    
   13.0423899       6.16152859    
   6.46742964       16.7070484    
   12.7957973       11.7910585    
   4.59913540       14.2050514    
   11.9766502       1.94386005    
   19.5245380      -1.36435604    
   4.71927309       2.94857740    
   11.2071466       9.36015892    
   7.16100168       5.98360300    
   16.1962223       18.5811653    
   14.8983927       23.5907059    
   9.51322174     -0.612534106    
   9.74617481       5.84721279    
