   13.7189455       4.71253347    
   7.78477430       20.6989040    
   5.80539227       16.9548988    
   18.8437767       17.9922581    
   5.43805170       14.5172100    
   15.1132183       2.51119804    
   5.44429636       10.1598215    
   7.51569414       19.3119774    
   11.9271793     -0.516536772    
   18.9683094       18.4267654    
   4.45529366       9.48774147    
   19.3499107       3.13408518    
   4.16869545      0.794410348    
   12.9729052       1.15361488    
   14.7227192       15.0317564    
   7.55249882       8.08153820    
   1.81242621       3.94946623    
   9.04935074       11.4440708    
   9.09843922       10.0749435    
   19.6845055       13.0010557    
   3.39030671       14.5838251    
   6.89562225       4.47081947    
   18.4290428       2.74299407    
   3.46395159       10.5665789    
   15.8906479       2.32928252    
   2.97156644       13.9955168    
   5.95591593       3.37272906    
   7.29430151       2.72632885    
   15.7439404       14.3142853    
   13.7890034       11.3595552    
   7.78542852       10.7528419    
   3.11265588       2.15209293    
   10.6475697       15.6751471    
   12.0415611       16.7555695    
   13.4132948       14.8225327    
   4.19334126     -0.163627595    
 -0.342270195       6.30884171    
   7.20604038       9.74392605    
   21.0917397      -1.85038638    
   14.2775536       9.06941509    
   19.0197716       12.8325577    
   14.8923044       1.05374694    
   6.11933994       9.80666256    
   15.0840006       15.1969500    
   10.5729036       14.8045139    
   12.9102888       19.9670467    
   1.73477018       7.60023212    
   5.86413288       8.01399326    
   7.46183109       15.6036816    
   9.59077454       3.92806268    
   13.9168510       2.52556968    
   17.8450298       19.1163445    
   15.6739931       12.1823368    
   12.7450867       19.1411934    
   15.9876966       8.35458183    
   9.54767799       4.14542246    
   18.8803310       13.9085674    
   11.2790527       8.94525528    
   19.6165161       11.6559982    
   15.8487253       18.2610302    
   18.9680080       18.2650280    
  0.264252007       11.4121780    
   9.69336033       7.19118977    
   13.9796143       14.1169109    
   9.78032303       17.8311214    
   2.29819965       1.35192120    
   8.11976719       19.8083229    
   4.81856346       12.0946102    
   14.9421434       19.4246120    
   2.86862302     -0.663006604    
   1.53598833       4.33736801    
 -0.295134783       9.94592190    
   11.3123407       8.92273331    
   19.0907307       2.88841152    
   1.87786174       3.08594990    
   9.93647575       16.7449417    
   12.8308601       6.85305882    
   17.7094936       7.59527397    
   14.2802258       16.5298862    
   15.2235928       8.69747448    
   15.5684566       9.78853512    
   17.0760040      0.639973283    
   10.5191317       2.35938048    
   19.4375916       1.26257467    
   9.22118187       16.0121822    
   14.8933840       8.32405758    
   17.4030399       8.15067768    
   13.3099871       4.54701757    
   7.17927933       15.8231153    
   13.0048313       12.9470167    
   5.88513422       13.4125738    
   13.0367622       3.74183631    
   18.2425175      -1.91813576    
   5.68931103       2.73529339    
   11.1930075       8.35953712    
   4.63420820       5.27269173    
   16.7683430       18.7549152    
   13.5963602       22.4048100    
   9.32842731      0.391406864    
   10.6568384       6.87046766    
