   14.1719046       5.21838856    
   6.00302887       19.2546120    
   5.78198528       16.8441601    
   18.8856659       17.8834476    
   5.78356695       14.2903070    
   14.6061144      0.710394859    
   6.02209997       8.21546650    
   7.45399094       17.0421696    
   12.4085569       3.27168703E-02
   19.4944439       17.5338593    
   3.97568941       8.93706894    
   19.1340694       3.70284319    
   3.64601040       1.75808775    
   13.7818718       1.85199392    
   14.1734152       16.4638844    
   8.25588608       8.45304775    
   1.69026768       3.75895190    
   8.55263615       12.5488272    
   8.49153614       11.2621641    
   18.7427311       14.1272364    
   3.79506660       14.1373549    
   7.59298944       5.18521881    
   19.1203976       2.52874374    
   3.70546079       9.56100464    
   16.1937408       2.91959643    
   2.59848642       12.6985703    
   5.78183508       2.40883875    
   7.73683071       2.42158937    
   16.4991627       14.7453241    
   12.6850014       9.74826145    
   6.89524651       9.89305305    
   3.35962391       2.30955005    
   10.7684450       14.5326290    
   12.2027445       18.4054718    
   12.4225197       14.4231377    
   4.20251322       8.07051435E-02
  -1.22200716       7.40530825    
   6.74781799       9.03611469    
   20.4355698      -1.13928616    
   15.4155827       9.17850780    
   18.9976177       12.5459919    
   15.1422014       2.63608623    
   6.16203022       7.63076782    
   14.1649799       15.8252687    
   11.3145075       15.4436178    
   11.7991638       20.3040161    
   2.11342931       7.16730070    
   6.63074160       8.07413006    
   6.18681622       14.6302032    
   8.94783306       3.99296784    
   13.9486370       2.91712642    
   17.3403416       18.2767220    
   17.2479439       12.7653952    
   14.1463470       20.1587086    
   15.4815559       8.04887676    
   8.75119781       5.54772949    
   20.1501999       14.5630713    
   12.8219290       8.63246155    
   21.0899754       11.0993891    
   16.4649487       17.9179955    
   19.0811844       19.0737228    
  0.154682204       12.4865656    
   10.8684168       6.37998962    
   15.0399714       13.6206827    
   9.50472450       16.3913784    
   2.04112673       1.29354191    
   9.32172871       20.6337547    
   5.46446800       11.9566078    
   13.1724501       18.4429379    
   4.71328783     -0.541634679    
   1.23969030       4.20226145    
  -1.15138006       10.7947350    
   11.1812592       10.0264816    
   18.5533581       3.62766647    
   3.26089382       4.22382450    
   9.48475552       16.6367035    
   13.6062460       6.36678267    
   16.4548149       8.35474300    
   14.2971754       15.7967062    
   14.8628931       7.19362593    
   16.9379597       11.1238213    
   15.9041357      0.171585560    
   10.4775686      0.906294525    
   19.0956383       1.77374816    
   10.0088596       17.4783249    
   14.9032125       7.23866844    
   17.2836342       8.77422619    
   13.4652395       6.27249241    
   6.89659357       16.9057922    
   13.1397047       12.1793489    
   4.31959295       14.5762415    
   12.2362995       2.38367081    
   19.2055721      -1.15528369    
   4.81454420       2.87202215    
   11.5927315       9.44625664    
   7.23073435       5.83235264    
   15.9153023       18.7600899    
   15.4309616       23.5157394    
   9.18454170     -0.625413418    
   9.73875523       5.94659328    
