   15.0959206       3.48313737    
   6.84565639       19.9335194    
   5.20543718       17.4804363    
   18.5847588       18.5482750    
   4.89629698       16.1949520    
   15.2679996      0.377387255    
   6.42373800       9.08588982    
   4.70223141       18.7471676    
   11.8266659      0.430026740    
   19.4332542       16.3539429    
   2.58282089       9.26295662    
   18.8983612       3.05809927    
   5.72525930       2.68092012    
   14.8330116       2.15702939    
   14.8498793       18.0900059    
   8.13180828       7.53706598    
   2.56366158       5.52811146    
   9.73638153       12.1030741    
   8.31066227       10.2234383    
   18.6707993       15.4310894    
   3.20630884       15.8649178    
   8.37237549       5.60827208    
   19.3599720       2.66119742    
   3.27505946       10.1602173    
   15.7709370       3.04523897    
   2.19665790       15.0300589    
   5.62956047       1.91053402    
   8.46724224       4.08172989    
   16.2682476       15.4563360    
   11.6023855       9.50820351    
   5.59436131       9.13921738    
   4.53278732       4.67037201    
   10.6974478       15.0521288    
   12.6363010       18.8187294    
   13.4871035       14.3936195    
   4.09213400     -0.549551129    
  -2.65129209       8.38711548    
   5.01421118       8.02517796    
   20.6722012      -1.77306890    
   17.1633720       9.59508514    
   19.3701706       13.7057247    
   14.6138144       3.27040958    
   6.21654463       7.57805490    
   14.2699594       14.3559856    
   12.7623501       14.8164511    
   10.5560846       20.2543488    
   3.14808297       7.62000608    
   6.21634102       10.0491962    
   8.20043278       16.1386089    
   7.05204773       3.87704635    
   13.3910666       2.80952239    
   19.4573040       19.3330727    
   15.7392788       13.9352360    
   12.9210033       18.7072220    
   16.1753635       9.14360237    
   8.19187355       7.35645294    
   20.6930141       14.7916965    
   13.8564768       7.49346876    
   20.0298786       11.7146482    
   15.5813227       18.8148117    
   19.8119602       18.2790680    
   1.29121399       11.5743418    
   10.6057796       7.61358595    
   17.8378029       11.9255571    
   9.74304581       15.6233397    
   2.16929555       1.74523163    
   10.6643000       19.1793823    
   5.84909344       12.4456844    
   12.3867598       18.5815277    
   4.14635849     -0.329686373    
   3.08875465       6.15490055    
 -0.605148137       11.1020470    
   9.03549385       10.8502865    
   18.5895634       3.34538794    
   2.05150771       4.00389338    
   9.82367325       16.2760143    
   14.1266823       6.52334833    
   14.7447071       7.46184206    
   15.3384161       16.6602707    
   14.4600153       8.48688698    
   18.1961288       11.6520939    
   14.1869593     -0.630560935    
   11.2056093       1.46742439    
   18.2123775      0.763746917    
   9.48509216       17.7902451    
   15.8085594       4.60341692    
   16.9716301       9.06602478    
   14.6562071       5.01736307    
   7.94300318       17.2609558    
   10.7115049       12.1688833    
   7.10988617       14.2040892    
   14.2363768       2.42271280    
   19.9128723     -0.961284578    
   6.29530573       1.64610255    
   11.7030210       9.06221581    
   8.24523258       6.23857689    
   15.8104420       19.6295910    
   16.8894672       24.9682941    
   10.2197733      -1.89796078    
   10.4633818       5.75708294    
