   14.9039850       3.29099178    
   7.13514328       19.6691589    
   5.30861139       17.4038372    
   18.5240726       18.9356804    
   4.87269545       15.6776514    
   15.4113808      0.216004968    
   6.63681602       9.34291077    
   4.23130894       18.9302635    
   11.6363153      0.989374101    
   19.9371777       16.7033806    
   2.54322076       9.28285217    
   18.8158894       2.49851823    
   5.28592300       2.59824133    
   14.7319765       1.89912319    
   14.7190075       18.4124947    
   7.57428980       7.57086849    
   2.11904836       5.28513813    
   10.1491632       11.7541323    
   8.20582485       10.1712742    
   18.2742596       15.8534117    
   2.65135694       15.5665751    
   8.97098064       5.46732903    
   19.4712276       3.04907608    
   3.82343507       10.1149406    
   15.7396002       3.12924623    
   1.96219099       14.9339809    
   5.84151936       2.17778301    
   9.03038883       4.25341558    
   16.4762115       15.5273123    
   11.8970709       9.05164719    
   5.38226795       8.49447727    
   4.16483450       4.53458357    
   10.3410864       15.3897038    
   12.8418808       18.5827351    
   14.0477991       14.2842369    
   3.68105197     -0.576966286    
  -2.37227774       8.74049377    
   4.89307213       7.93805170    
   20.9009151      -1.19486618    
   16.9028130       9.64666462    
   19.5544853       13.6122894    
   14.5353355       3.40305161    
   5.88364744       7.56443357    
   14.5052671       14.5549717    
   13.0811872       15.0191116    
   10.6613750       20.6544838    
   2.75985765       7.45640516    
   6.37269831       9.69426346    
   8.44766712       16.4377556    
   7.20695400       3.39301419    
   13.5257645       2.91139531    
   19.4256268       19.4440575    
   15.4579716       13.6906118    
   13.1528664       19.0221615    
   16.4248352       9.33162880    
   8.71330357       7.32226038    
   20.1126804       14.5830145    
   13.7402649       7.89774561    
   20.2845573       11.8950663    
   15.5915232       19.3115559    
   20.1760540       17.8553505    
   1.62292385       11.4763298    
   10.6359386       7.49874544    
   18.1191139       12.2815170    
   10.0032349       15.6598787    
   1.79624546       1.64546943    
   10.8225870       19.1362877    
   5.74193954       12.9351892    
   12.3516893       18.7421665    
   3.93938231     -0.162010670    
   3.07233596       6.26888752    
 -0.920816779       11.6187544    
   8.89009285       11.0220490    
   18.6192493       3.72141910    
   1.75799608       4.19043207    
   9.74081612       16.2134991    
   14.5236750       7.01694822    
   14.5215406       7.08810234    
   15.1565065       16.1576633    
   14.5185709       8.55753422    
   17.8821239       11.6994152    
   14.5674667     -0.521412313    
   11.1924353       1.77190506    
   18.0609417      0.453272551    
   9.33645153       17.2027626    
   15.5969219       4.58324671    
   17.4274673       8.83272743    
   14.3823299       5.48899698    
   8.10143948       17.4536858    
   11.1316042       12.1706762    
   6.65732527       14.8025360    
   14.7477455       2.42264962    
   19.5976429      -1.14575660    
   5.80079985       1.62538290    
   11.7862082       8.93116570    
   8.15398693       5.74194193    
   16.1783581       19.4322414    
   17.0611763       24.5170746    
   9.75991917      -2.35710931    
   10.6182775       5.75961542    
