   13.8607416       4.44761276    
   7.75233746       20.5103283    
   5.48302794       17.1033936    
   18.6827717       17.8926888    
   5.56891537       14.6584282    
   15.2253180       2.84262657    
   5.72878027       9.82572174    
   7.34556389       19.0651817    
   11.7178411     -0.309638470    
   19.0929012       18.7239075    
   4.65463638       9.67021942    
   19.5885696       3.18494582    
   4.15989065       1.04006994    
   12.9968061       1.29374254    
   14.6786528       15.0061302    
   7.47636366       8.38951874    
   2.05958295       3.77278066    
   8.77235794       11.6734829    
   9.10317802       10.2312212    
   19.5867729       13.0385351    
   3.21537328       14.4760485    
   7.08374548       4.48193693    
   18.7726688       2.41178966    
   3.54044294       10.9105997    
   16.0251293       2.53944016    
   2.84683013       13.7998505    
   6.23393631       3.42360044    
   7.15020990       2.93326640    
   15.6610775       14.1337986    
   13.6874962       11.3672228    
   7.50117922       10.6702604    
   3.35111594       2.44376564    
   10.7206278       15.8282585    
   12.3460703       17.0774632    
   13.3419790       15.1440420    
   4.48471928       2.26166546E-02
 -0.445181787       5.99211502    
   7.34648228       9.48090553    
   20.8494530      -1.85844326    
   14.5801382       8.98497105    
   19.1742020       12.4922361    
   14.6404982       1.23675931    
   6.39864016       9.48165894    
   15.0287819       15.4689054    
   10.6971970       14.9275541    
   12.9366150       19.8160343    
   1.89776778       7.40728855    
   6.15280104       7.97481155    
   7.25572205       15.6918964    
   9.74308586       4.14621973    
   13.6665697       2.37324595    
   17.5359077       18.9233456    
   15.7973232       12.0722761    
   13.0933056       19.3387375    
   15.6378555       8.68586826    
   9.20052147       4.03847408    
   18.9039230       13.8504324    
   11.3523350       9.20858860    
   19.7154884       11.9589777    
   16.1328449       18.0010834    
   18.7957497       18.5417042    
  0.418464392       11.7079735    
   9.75436020       7.27716923    
   14.1800270       13.9607019    
   9.95770836       17.4998112    
   2.45467997       1.19618952    
   8.44657040       19.8366203    
   5.16308022       11.9255686    
   15.1761303       19.6597557    
   3.08551693     -0.637728751    
   1.72928441       4.01300955    
 -0.283174813       10.2368393    
   11.1476145       8.84870052    
   18.7760563       3.19076705    
   2.00393105       3.37849092    
   9.59907627       16.8837528    
   12.7629862       6.53016043    
   18.0587177       7.74612856    
   14.6244373       16.5954952    
   15.0036430       8.55091763    
   15.4477806       10.0124702    
   17.1355343      0.320633620    
   10.8398123       2.11921501    
   19.4605141       1.01968515    
   9.51130772       15.9153166    
   14.6821547       8.08543205    
   17.4819202       8.28540611    
   13.4425249       4.88951254    
   6.93506622       15.7286816    
   13.2465887       12.6344948    
   5.54885292       13.3585415    
   13.1381273       3.56118417    
   17.9133415      -1.71933305    
   5.89925957       2.84014726    
   11.4395638       8.54072285    
   4.94544411       5.52259827    
   16.5093803       18.9529381    
   13.7394972       22.6176510    
   9.40821075      0.328021914    
   10.9410620       6.79887533    
