   13.0476398       4.94371653    
   7.77953768       19.7893906    
   5.27152395       17.8800507    
   19.3383503       17.3878632    
   4.46263647       14.5086679    
   15.8213425       2.60874820    
   5.73438931       9.88173676    
   5.30137539       18.1676731    
   12.0171213       6.26722758E-04
   18.6898708       18.1654854    
   3.84774542       9.85105991    
   19.6248646       3.63833642    
   4.69886875       1.09274995    
   13.4613447      0.688784182    
   15.3990145       15.3003321    
   7.33809710       8.35011864    
   2.59289360       4.07605600    
   8.58090973       11.5918016    
   7.86235380       11.6940670    
   20.6994095       13.6606197    
   3.78812695       14.7234335    
   7.10001564       5.06861925    
   17.3384953       2.69161367    
   4.14649343       11.8402510    
   17.1235123       2.07284093    
   2.35733843       13.0546513    
   5.94420147       4.23549366    
   7.49508333       3.06618476    
   16.4489632       14.6001596    
   13.2699556       12.0924482    
   8.17153835       10.4367752    
   2.46185112       1.99709213    
   9.58658028       16.4487381    
   11.8800669       16.2108116    
   14.5302935       14.1786871    
   4.04186583     -0.367044359    
  0.598598003       5.61562967    
   7.07834625       9.44061947    
   20.4798126      -1.59859741    
   13.2392378       7.82115173    
   18.7408657       12.7529736    
   14.6075258      0.185522631    
   5.49987268       10.3688011    
   13.8193245       14.8122721    
   8.85875225       14.6924992    
   12.4955244       19.6081219    
   2.23344374       8.07807827    
   6.95637226       8.66493511    
   7.19232559       16.0830708    
   11.4190397       5.15414762    
   14.9583387       2.91799569    
   19.3062077       18.1188965    
   16.3184547       12.8267355    
   12.5638371       18.5230751    
   14.6405821       8.19078922    
   9.27356339       3.61018610    
   19.0421314       15.7907715    
   11.3275652       8.62562466    
   19.3621044       12.6868963    
   15.1995926       18.2889900    
   18.1772976       17.9627399    
  0.526879668       11.6500587    
   10.0283909       5.29591084    
   13.4849548       12.3594170    
   11.6965590       16.3381596    
   2.73690486      0.110724010    
   7.61075878       19.5612335    
   4.22368097       12.4453173    
   16.0398045       20.0983143    
   2.93301249      0.733404160    
   1.40708387       4.31254482    
 -0.398153901       9.55605888    
   10.8136301       9.44052982    
   19.0302525       3.26250219    
   1.36782491       3.55468559    
   9.37774467       16.9905243    
   13.3342485       7.14507580    
   18.4296131       8.46015644    
   13.3308773       15.7146864    
   15.4810085       8.40560246    
   17.1078453       9.09635925    
   17.3135567       1.95196807    
   9.20993233      0.317995518    
   18.1471767      0.556139112    
   9.61475277       15.4819012    
   14.4259338       8.61564827    
   17.0648232       8.52996063    
   14.1331673       4.84020472    
   6.72969484       16.3882580    
   11.6843443       11.3708735    
   6.65153074       13.0536671    
   12.9863338       4.15112829    
   17.3206444     -0.633818865    
   6.55999374       2.97716999    
   10.1469479       8.77185822    
   2.76521540       5.59461689    
   16.3132553       16.5582390    
   14.8160992       21.5099068    
   8.37777138     -0.757431626    
   8.99052334       7.72231436    
