   13.3497772       4.86155987    
   7.46339941       19.5234203    
   5.46477365       17.3461971    
   19.3948250       17.7418346    
   4.89603758       14.6182632    
   15.3254681       2.26354623    
   5.23980331       9.71085644    
   6.69327497       18.5129299    
   12.1534195       4.77284901E-02
   18.9684372       18.0817375    
   4.53070307       9.85158634    
   19.5184708       3.26279354    
   5.17138052       1.19039249    
   13.2506371      0.613335788    
   15.3138218       14.7692566    
   7.25709963       7.54903364    
   2.37488651       4.01167059    
   9.25956535       11.7358503    
   8.95557308       11.0490799    
   20.4599743       13.3659143    
   3.27703428       15.0277653    
   7.58251333       5.17143250    
   17.8253269       2.40627050    
   2.74734473       10.8278484    
   15.5204210       1.71245551    
   2.59386301       14.2458839    
   5.89988899       4.13015890    
   7.27158546       2.23439550    
   15.5717831       14.4625521    
   13.2754574       11.2982302    
   7.97482872       10.5774269    
   2.93135667       1.79781353    
   10.0601006       15.8156033    
   12.2496071       15.9584751    
   14.2650700       14.2795944    
   3.78962541     -0.932134330    
 -0.384367347       5.70157003    
   7.36085701       9.05335999    
   20.9114571      -2.09802461    
   14.3025465       8.58884430    
   18.9949493       13.5352831    
   15.2544222      0.355083972    
   6.10177422       9.91354370    
   15.0207310       14.5053873    
   9.68887997       14.2127161    
   12.1956377       19.6508255    
   2.41638970       8.34693336    
   5.74596596       8.07373714    
   7.63322163       15.6402149    
   10.5480232       4.91059685    
   13.9240742       2.63990331    
   18.5380669       19.2136631    
   16.4670544       12.9756756    
   12.9969101       18.9450188    
   15.1550217       8.25040722    
   9.15408897       3.33017993    
   18.5794697       14.8982525    
   10.8183670       8.88397789    
   19.3119583       11.6650562    
   15.9869308       18.8332176    
   19.0346222       18.3156719    
   2.28048414E-02   11.2082787    
   10.2123346       6.70757055    
   14.3861246       14.1737633    
   10.6557341       17.1453037    
   1.90886128      0.745347559    
   7.82486868       19.3910122    
   4.58401680       11.7953491    
   14.9480152       20.0567303    
   2.82959557       5.66958301E-02
   2.40306973       3.98780060    
   3.04521201E-03   10.2812195    
   11.3883724       9.46104622    
   18.9018517       2.79366970    
   1.12395179       3.71581864    
   10.2558794       16.7316036    
   12.8748293       6.97682571    
   18.4244442       8.47384548    
   15.0650730       15.6855125    
   15.1530933       8.53786659    
   17.0547161       8.90006638    
   16.9309406      0.595828891    
   9.83422661      0.989767909    
   18.8813438      0.166866958    
   9.95037746       15.2020903    
   15.4641905       8.53449059    
   17.3115501       8.60932446    
   13.5332289       4.34402084    
   6.50404406       16.0680008    
   12.4240332       12.1592655    
   6.21682405       13.2415504    
   13.2806692       4.01418877    
   17.7782173      -2.16762567    
   6.20646381       2.82926941    
   10.9745789       9.00201607    
   3.43829727       5.34564686    
   16.6294365       17.4136791    
   14.7938852       22.3235168    
   8.54041004     -0.231198311    
   10.1796074       7.39073801    
