   13.5792532       4.62881088    
   7.71692467       20.2315712    
   6.05183029       16.5496445    
   18.6993713       17.9432259    
   5.32902098       14.6223354    
   15.3511019       2.11463428    
   5.50980234       10.2593231    
   7.11974382       19.2529926    
   11.8504496      -4.18798663E-02
   18.9022808       18.4441395    
   4.43768215       9.35754681    
   19.8278713       3.15750217    
   4.49881458       1.11096597    
   13.0906372      0.847464383    
   14.8634949       14.9481907    
   7.27941656       7.94232893    
   1.78710973       4.38137388    
   8.61703300       11.5540676    
   8.97133255       10.1827469    
   19.7034588       13.2409830    
   2.97488546       14.9879265    
   7.29930019       4.67210627    
   18.5362759       2.91330242    
   2.93583131       10.7231512    
   16.0165844       2.36840320    
   3.06715298       13.7252741    
   6.23121405       3.68447852    
   7.41483021       2.57835865    
   15.7050123       14.9299173    
   13.3412380       11.1539555    
   7.82641363       11.2061977    
   3.00024247       2.44780111    
   10.1557989       16.0814743    
   12.2028418       16.7956734    
   13.7231064       14.7093763    
   3.67073250     -0.302910864    
 -0.110912040       5.93751955    
   7.18264151       9.64124203    
   20.8765926      -1.85420740    
   14.2860746       9.36532402    
   18.8506413       13.1859884    
   15.0856752       1.36406374    
   6.61721516       9.91770172    
   14.8358002       15.5226097    
   10.6990557       14.6928768    
   12.8719187       19.4822350    
   1.76346552       7.75431633    
   5.61838436       7.76459837    
   7.96230888       15.8229675    
   10.1110659       4.45179033    
   14.1287518       3.07325530    
   17.5500069       19.5533485    
   15.1689167       12.1253099    
   12.8187323       18.8386135    
   15.9061232       8.44427395    
   9.34061432       3.95325041    
   18.9234276       13.9769049    
   10.8174181       8.74814606    
   19.5680180       11.5950441    
   15.5596647       18.5416431    
   19.1314754       18.3878555    
  -5.26610874E-02   11.6194506    
   10.0998793       7.12918520    
   14.2656612       14.3576326    
   10.3705854       17.3043594    
   1.85665810       1.38900650    
   7.93424845       19.9103889    
   5.07901144       12.1637316    
   15.1368523       19.3582134    
   3.22854209     -0.437711656    
   1.79386485       4.30558205    
 -0.179857403       9.70481682    
   11.6607113       9.42736053    
   18.6706734       2.80424476    
   1.50823855       2.88757277    
   9.65026665       16.7289085    
   12.9266825       6.99439287    
   18.1734657       7.80632973    
   14.3847942       16.1416168    
   15.4814529       8.96860123    
   16.1295986       9.14172840    
   16.9992065      0.156681031    
   10.4080849       1.95535743    
   19.8158092       1.06420887    
   9.42756748       15.8096342    
   14.8630362       8.55493832    
   17.5310020       8.44744778    
   13.6097870       4.51439381    
   6.78032064       15.9214277    
   13.1575079       12.3593426    
   6.23094463       12.9705133    
   13.1499510       3.77992535    
   17.7605114      -1.85108411    
   5.98562098       2.89971828    
   11.2940645       8.30120087    
   4.16516638       5.39788246    
   16.6995201       18.1708393    
   13.7959099       22.4167099    
   9.05992508      -1.92456134E-02
   10.8086777       7.52131462    
