   13.2993174       4.39881897    
   7.61981869       19.8440323    
   5.39997816       18.5593128    
   18.8635349       17.5273132    
   4.64607573       14.4112844    
   15.4827023       2.77119112    
   5.64729500       9.10289097    
   4.63968563       18.3058357    
   11.5140848      0.104759701    
   18.1826324       17.7445908    
   3.95480800       10.1950226    
   19.7139282       2.79567456    
   4.71725750       1.23581803    
   13.1015759      0.319743305    
   15.1590672       15.1039743    
   7.67252016       8.12978363    
   2.77915645       3.86591029    
   8.62824440       11.5687628    
   7.55988169       11.9278793    
   20.5155277       13.3596945    
   3.91098356       14.9758205    
   7.60581350       4.67673969    
   17.8418903       2.25833035    
   4.09923935       11.2055016    
   17.0386162       2.03098345    
   1.88651228       12.8410826    
   5.85488653       4.37277889    
   7.71919060       3.27642989    
   16.7286777       14.2729826    
   13.0734186       11.7744579    
   7.87353849       10.4792633    
   1.87318623       1.90762138    
   9.12847805       16.1346302    
   11.8711357       17.0373230    
   14.5459461       14.4393005    
   3.90108776     -0.561375976    
  0.982529283       5.52507544    
   6.94319487       9.44895649    
   20.3939247      -1.46030319    
   13.2633877       7.65826035    
   18.7119064       13.2179384    
   14.8739109      0.548330188    
   5.32005692       10.2531710    
   14.3276739       14.6334171    
   8.59077740       14.9203854    
   12.6117640       19.9594460    
   1.88428259       8.79901695    
   7.18465137       9.02342415    
   7.92928123       16.2094669    
   11.2625523       5.44132662    
   15.0101986       3.01769996    
   19.5001163       18.4606342    
   15.7891521       12.8437672    
   13.1254473       18.5257378    
   14.7892923       7.65772152    
   8.86348248       3.42136526    
   18.8050766       15.8994131    
   11.6048355       9.00455379    
   18.8001118       12.4760208    
   15.0568438       18.5618534    
   18.0094223       18.0160122    
  0.670177341       11.6897879    
   9.34073257       5.26880503    
   13.5064726       11.8679657    
   11.7942972       16.4670029    
   2.27439404      0.218937770    
   7.91888237       19.6012077    
   3.49517894       12.5275154    
   16.3603363       20.0583992    
   3.31059551      0.604198635    
   1.70253539       4.33639526    
 -0.227765739       9.55279350    
   10.8661661       9.95959854    
   19.5921879       3.14170551    
  0.797759235       3.77329922    
   9.20435047       17.5193195    
   13.1077118       7.35885286    
   17.9252892       8.60580158    
   13.7610455       15.8620777    
   15.4188185       8.22404766    
   17.0618877       9.85395336    
   17.2923775       1.95453978    
   9.30627251      0.375702649    
   18.3002949      0.826589048    
   9.17428207       14.6347923    
   14.5036421       8.50749302    
   16.8077011       8.43437958    
   14.3012190       4.31268167    
   6.11419535       16.5564861    
   11.2933960       11.4621773    
   7.29260778       13.7259998    
   13.0725508       3.52312589    
   17.3051682     -0.690120101    
   6.49617529       2.54599118    
   10.2995243       8.69181252    
   2.55712175       5.40417099    
   16.2827892       17.0095425    
   14.9336662       21.4229431    
   8.34733009      -1.20528960    
   9.36569595       7.40427637    
