   13.9529972       4.49195719    
   8.02620888       20.3298225    
   5.76418686       17.4498672    
   18.5050468       18.0030613    
   5.69485521       14.7352066    
   15.1628542       2.32192254    
   5.38258028       9.89621258    
   7.24009991       18.7910252    
   12.2781239     -0.204800829    
   19.2235432       18.6216488    
   5.04610777       9.58727360    
   19.3277779       2.93893361    
   3.81763816       1.30168140    
   12.7710705       1.11396456    
   14.2420807       15.3822317    
   7.31494284       8.49913979    
   1.72629476       4.22830391    
   8.52997971       11.2708912    
   9.27782345       9.87933445    
   20.0607224       13.2110062    
   3.10235643       14.6706676    
   7.23910761       4.63100624    
   19.0920238       2.11941934    
   3.20226717       10.5635509    
   16.2856197       2.34666181    
   2.37646151       13.7623177    
   6.07789421       3.41699982    
   7.58347654       2.64751887    
   15.8317719       14.1320677    
   13.1567707       10.9079494    
   7.07602310       10.3197279    
   3.56946802       2.40502095    
   10.8347988       15.3359509    
   11.9883499       17.4011478    
   13.2331848       14.9891796    
   4.45886278      0.301220864    
 -0.445758522       6.35884476    
   7.02647114       9.39447975    
   20.6407909      -1.91042817    
   14.6269531       8.99354935    
   18.6164188       12.3408175    
   14.7432861       1.83543539    
   6.36346674       8.95634270    
   14.7884626       15.4367390    
   10.5778360       14.5990410    
   12.8487825       19.3763504    
   1.51674509       7.31746578    
   5.60287523       7.49305391    
   6.85387325       15.6847944    
   9.70947456       4.46180773    
   13.6629896       2.14207315    
   17.5984554       18.8156490    
   15.8104963       12.4790039    
   13.6867304       19.7464428    
   15.9779682       8.52663708    
   8.65248585       4.70284796    
   19.3800793       14.2995405    
   11.8725471       8.85925770    
   20.0703468       11.9039497    
   16.3738785       18.0678806    
   18.8127995       18.5241718    
  0.655444562       11.5410624    
   9.94535732       7.33636475    
   14.0823240       13.8118877    
   9.96754742       17.3884964    
   2.43793797       1.54113328    
   8.35519314       20.2058926    
   4.97687626       11.9139557    
   14.7594624       19.4071751    
   3.14879704     -0.318333924    
   1.40654039       3.94966722    
 -0.349609137       10.4953976    
   10.9867182       9.11533070    
   18.4251366       3.28629208    
   2.49643540       3.81862688    
   9.61349392       17.0431004    
   13.2234802       6.16491413    
   18.0509796       7.63319635    
   14.5200729       16.3775215    
   15.0832281       8.72721291    
   15.9564342       10.1804562    
   16.5354004      0.685390353    
   10.9826498       1.74119866    
   19.2198429       1.24756479    
   9.78726101       16.0988674    
   14.2480774       7.78189516    
   16.9483089       8.20621300    
   13.0931120       4.68710184    
   6.76784134       15.6437817    
   13.7085075       12.0807533    
   5.69134951       13.6784382    
   12.8881798       3.32789803    
   18.1436768      -1.96032500    
   5.35401011       2.24116135    
   11.0406618       8.44439125    
   5.44862747       5.67971849    
   16.6857986       18.5007915    
   13.7022552       22.7409248    
   9.23591328     -0.189990953    
   10.3803568       6.63361597    
