   14.4451408       4.94930506    
   6.94630766       19.1240120    
   5.02429247       17.1869869    
   18.7397614       17.9250050    
   4.67720652       14.7077017    
   15.1886578      0.900363684    
   5.17168760       8.35842419    
   6.06292629       17.3843498    
   12.6216469     -0.753511071    
   19.6113262       17.2236252    
   3.87111521       9.12869930    
   19.1360111       3.93906832    
   4.21451569       2.25387955    
   14.1962404       2.17604303    
   14.4523726       16.7240410    
   8.81154537       8.23094749    
   1.08287418       3.73406982    
   8.77112484       12.5009623    
   7.78932858       11.6001558    
   19.0253696       13.6652365    
   3.81875587       14.6174660    
   8.71754837       5.42543507    
   18.7947922       1.96155763    
   4.32988214       10.1957712    
   15.8449106       3.23903775    
   2.59508610       12.8401260    
   5.66707563       2.07683468    
   7.97910118       3.59551668    
   16.5865421       14.9412327    
   11.8460178       9.62983990    
   7.33314276       9.66236305    
   3.73755407       3.09354305    
   11.2023811       14.7916374    
   12.2721777       18.3629799    
   12.7348881       13.5073385    
   4.41696405      -9.51192304E-02
  -1.32070422       7.72921419    
   6.65260077       8.40974903    
   20.0330143      -1.51641500    
   15.7193575       9.45478821    
   19.1009312       12.4835453    
   15.4061041       3.06607604    
   5.92987776       8.09485531    
   13.8651743       15.7711039    
   11.7391624       15.8943710    
   11.3248568       20.7487507    
   2.27143240       7.20647287    
   6.75441551       8.78183460    
   7.61322689       15.3187408    
   8.09947205       4.41275978    
   13.9965458       2.95550036    
   18.2730732       18.8948898    
   16.7578430       12.3565121    
   13.1645193       19.3639088    
   16.2298450       7.71841192    
   8.79119301       5.55351305    
   19.9809837       14.2258854    
   13.6454544       9.16846943    
   20.9405556       11.5852098    
   16.0068245       18.3724098    
   19.8012142       19.2308998    
  0.466282099       12.9463730    
   10.7932501       6.92591000    
   15.5070992       13.9970579    
   10.2603741       15.9804020    
   2.33926272       2.12235069    
   9.76598740       19.9719124    
   5.88807821       12.3297052    
   13.1456423       18.5746803    
   5.06651831      -9.45969373E-02
   1.73649645       5.66010094    
 -0.761580050       11.1006575    
   10.4624548       10.3398228    
   18.3757191       3.44624019    
   2.86340690       4.57627201    
   9.10600471       16.5543633    
   14.0032187       6.87799549    
   15.2123661       7.92054224    
   15.0428228       16.6348381    
   15.9394722       7.85294724    
   16.8386459       11.2163496    
   14.4471741      0.300745249    
   9.86182022      0.877175927    
   18.1119881       1.65037334    
   9.81406307       17.3532047    
   16.5915298       5.85188293    
   17.4403667       8.45206547    
   13.9443579       5.67924881    
   6.45733833       17.3136711    
   13.0748453       11.9708910    
   5.11372375       14.8241835    
   12.2928400       2.49081087    
   18.8140755     -0.850610912    
   5.43847847       3.10785985    
   11.3310823       9.89850426    
   7.95386171       6.49538803    
   15.2744341       19.0707912    
   16.7106991       23.2915878    
   8.84862518      -1.52134740    
   9.83496475       6.33833218    
