   16.1836834       5.21135950    
   3.02038598       13.8435078    
   10.6695738       10.0737963    
   6.95584869       1.07248843    
   10.7251596       12.7733717    
   16.3578320       16.1514263    
   13.5038214       7.29928446    
   12.9300051       8.09434319    
   7.15404510       4.92514277    
   16.9577255       6.03069973    
   6.25150967       16.6027069    
   15.2382908       12.2529173    
   6.74371099       12.0838938    
   2.72686219       13.8696365    
   12.0836639     -0.175142139    
   1.26540899       13.5159206    
 -0.259114921      0.836118162    
   13.4815989       18.8322754    
   7.95047379       5.26192522    
   2.02561498       18.7030964    
   12.8190308       19.7006950    
   8.09693336      -1.25721371    
   15.3510542       12.9274168    
   9.27009296       1.28588486    
   7.28220749       8.31010151    
   12.7600327      0.593140900    
   9.61409569       12.9755354    
   4.54593611       11.5066786    
  0.884248316       10.9706659    
   13.7043047       13.6940365    
   19.9163113       10.4250622    
   12.1564274       8.63120747    
   12.3173485       4.89223766    
  0.255315185       10.9663162    
   4.34052706       6.14665222    
   3.79752612       6.75688219    
   4.80430746       14.9411764    
   2.15174985       17.0901012    
   5.08980370       5.14400530    
   2.87367010       3.51584601    
   3.75618458       10.9927378    
   15.6835928       20.5252533    
   7.20991898      0.992445886    
   19.3584042       10.3824720    
   14.3684244       3.66013861    
   2.44112444       13.1433363    
   8.22490120       5.72915268    
   6.48786116       18.3242226    
   9.81002235       4.46990919    
   11.7854824       12.6137133    
   9.66664696      0.407366008    
   18.9399548       15.5849552    
   7.87738085       8.67855835    
   9.79813004       18.9539146    
 -0.823024333      0.648207664    
   4.94744968       9.77982616    
   2.28348589       9.80624771    
   13.6447306       6.87709761    
   20.2170410       7.20532274    
   10.8518553       21.4711723    
   20.2247143       7.15213871    
   5.29054594       1.21552908    
   3.58364272       10.7372646    
   16.2125702       3.41035581    
   14.9059582       4.61675787    
   1.38605881       2.28906083    
   4.97296953       7.70473337    
   17.8708611       10.5444889    
   21.7592983      0.888992965    
   6.42596388       6.66985750    
   16.2365303       10.2293825    
   3.36543345       9.93268394    
   8.30127525       17.4117966    
   17.3584290       3.48204851    
   12.3630457       19.6298637    
   8.46480083       14.1728792    
  -1.78228724      -2.74304724    
   9.05918980       4.36797380    
   6.41181040       13.1405363    
   3.68691945       15.9806480    
   14.9510679       17.6989174    
   1.47749019       6.01049089    
   1.23405170       15.0815029    
   10.9475546       8.89774323    
   16.6018944       11.0923777    
   3.05410242       11.1819420    
   17.1561604       21.6126366    
   4.39341736       1.57719004    
   8.18906021       1.14511657    
   19.9640751       14.5353832    
 -0.621989369       19.2764702    
  0.569804132       4.62233114    
   11.1672745       4.75712013    
   4.84012413       2.24935985    
   4.36933613       19.7550201    
   10.8842878       6.23905754    
   4.42741060       10.6090689    
   4.76621199       12.0035992    
   15.6453562       13.7639761    
   5.84617805       3.96989799    
