   16.8108578       7.71727419    
   3.38352418       12.0585480    
   10.1412582       10.7803040    
   7.12770700     -0.477755547    
   8.39852715       14.2276831    
   17.2345123       15.9012089    
   12.4022751       7.61907864    
   12.5790834       9.44807720    
   8.77873135       5.52534580    
   15.0897474       4.71245337    
   5.26428747       16.1803436    
   14.1093340       11.4944916    
   8.04618168       11.2109642    
   3.96203303       15.2427635    
   12.4774685      0.802031159    
   1.77768052       13.2301188    
   1.26766229      0.294961512    
   13.2641106       18.2027302    
   6.48166084       6.03208590    
   2.55206013       18.7070045    
   14.2631645       17.7145863    
   8.14403248      0.223783672    
   13.7996445       13.0134420    
   8.09678078       1.75979090    
   7.93002462       10.6655245    
   10.7099514      -6.10453188E-02
   8.40564728       12.5927458    
   4.03942537       12.5909462    
   1.06220269       10.6419744    
   13.0535660       13.1907473    
   21.1477203       12.4345245    
   10.8648949       7.05652428    
   14.0259829       7.51294994    
   1.14941478       10.6970520    
   3.87986016       6.66287708    
   3.44701171       7.10587311    
   4.55700445       14.6679916    
   2.27530599       16.2021179    
   2.70923615       5.67851830    
   4.23582697       3.88089705    
   4.07343817       10.2784309    
   16.7229004       18.2004318    
   5.83236933       2.63850307    
   19.6958714       12.9614229    
   13.5147457       3.57686114    
  0.742403507       13.7979193    
   6.95310736       5.53818846    
   5.58366489       19.1976643    
   9.82004452       5.89164972    
   10.6034212       11.6930695    
   9.48972321       1.85987651    
   20.3689919       14.9506874    
   6.37043190       8.60743332    
   8.97872543       19.7726212    
  0.345712274      0.746642709    
   6.55191898       9.69547367    
   1.78456652       12.8466892    
   12.2981825       6.55790997    
   18.3966522       6.38329506    
   11.1060801       23.5531616    
   19.5257339       6.43550348    
   6.88435888       2.13617444    
   3.19152689       10.8165274    
   15.3642960       4.60340595    
   15.3108959       5.33400106    
 -0.944293439       1.56921351    
   4.86310196       8.50771713    
   15.6306267       11.3423367    
   24.6274052       1.46850491    
   5.85752726       5.91371059    
   16.2872581       9.61887646    
   3.24245095       8.76152420    
   8.03496647       18.4832516    
   14.8846550       1.83422983    
   10.8103733       19.5839977    
   9.88643742       14.1860418    
  -1.08306408      -1.09295285    
   8.62372208       2.96915150    
   8.01130199       14.6707268    
   4.37692070       16.9189949    
   16.4148026       18.0554123    
   2.97225118       6.77586174    
   2.15042494E-02   15.3471794    
   11.0685740       9.90348625    
   18.0189419       10.7970343    
   2.60526562       10.4994555    
   16.2452393       22.6313305    
   7.54526091      0.930817366    
   7.81178522       1.67417610    
   20.9314632       14.9572201    
  0.512928843       20.4523296    
   1.01833761       4.78428316    
   12.1161728       4.51317072    
   3.86472034       4.27638292    
   5.31224823       21.1369705    
   8.45639133       7.22151995    
   5.03452682       12.8357086    
   3.27540231       11.6804380    
   15.6376419       12.8352232    
   3.83377433       4.39342833    
