   17.2607994       12.3045549    
   6.52733994       13.0585909    
   10.8146362       9.59193134    
   14.5153131       14.6303558    
   8.28032112       19.6611004    
   4.61523724      0.882337272    
   1.62893414       2.33784318    
   7.84368849       8.29164982    
   2.13602948       2.25126266    
   14.8041487       15.4063454    
 -0.272339702       9.88116360    
   12.5857611       14.0318270    
   10.5840454       7.94061756    
   13.8339396       4.85482550    
   3.86697412     -0.427575618    
   4.30802727      0.712712824    
   18.6334553      0.611646891    
   5.71829510       10.6210146    
   7.33628607       19.1691971    
   16.8533936       14.4528828    
   14.7872076       3.57601833    
   14.3181343       13.7731447    
   1.29918098      -1.15937591    
   9.54098034       16.9622135    
   13.6559343       17.3607502    
   9.62364674       19.8934441    
   2.37288618     -0.135534212    
 -0.158127055       19.9773579    
   12.4555025       5.22590446    
   14.9134274       12.0053396    
 -0.970435321       12.8882141    
   2.68977833       17.7192726    
   11.1594791       9.28830051    
   2.15625978       14.6192341    
 -0.987464428       2.02036715    
   3.88760877       17.4253864    
   16.6139889       14.4823914    
   17.4992294       3.06429315    
   8.01668358       19.1423187    
   5.30772638       18.0327034    
   9.97629166       13.2984447    
  0.234440684       2.85250902    
   9.44150639       13.0493927    
   17.4598980       16.2309513    
   13.1775217       10.2142744    
   6.94521999       3.92083549    
   2.04104114      0.896250069    
   15.2503777      0.521062851    
   10.6152210       10.6834030    
   2.26830983       4.27980661    
   9.76474571       4.97731686    
   10.9751015       4.71157074    
   4.65986443      0.189290479    
   3.99493837       20.0632648    
   9.60101891       14.4904299    
   6.39283895       13.7650127    
   8.14833927       14.0799656    
   2.13725924      0.617420137    
   17.6299438       6.51796150    
   10.2226200       15.0659037    
   13.5086241       7.35127306    
   8.23753166       19.1976414    
   9.79754353       5.10325193    
   16.5204926       14.1639471    
   16.1078796       19.3576736    
   15.3506088       5.02475405    
  0.423450381       2.35004449    
   19.5050430       15.6017437    
   9.26594067       16.3474274    
   7.47410059       18.5601864    
   4.63156796       3.01474023    
 -0.386876762       13.2849121    
   15.2036953       5.47933960    
   10.4194508       11.1743898    
   16.6792488       3.26006794    
   10.3969040       18.9292774    
   21.4109478       3.21966863    
   15.7426376       9.27761364    
   10.3197794       1.52603221    
   18.1955986       12.3192739    
   4.43093491       8.90097141    
   13.4381857       18.7498283    
   1.34243071       15.2989693    
   11.0311966       20.5771008    
   3.48419547       14.8530703    
   9.89315128       9.79891491    
 -0.633510292       3.23625708    
   9.51978111       6.90734673    
   12.2715616       17.1106987    
   18.4287682       13.6918316    
   9.13167572       12.3858852    
   5.47291994       15.5446148    
   4.02346945       8.78626156    
   3.23506641       20.5781384    
  0.314400822       15.4190598    
   17.4621601       8.35697079    
   10.0262175      0.361672193    
   19.1633816       8.51398182    
   4.66220522       1.96594644    
   2.38849378       3.85045338    
