   17.6257267       12.4990826    
   6.32529163       12.6085091    
   11.1565809       10.1089640    
   15.0344610       14.1837158    
   8.37382126       19.7775021    
   5.62122869      0.407593340    
   2.02628732       2.78728580    
   8.68239880       8.68928432    
   1.59527671       2.57015347    
   14.8932753       15.4179296    
  0.515948057       9.37270260    
   12.4432335       13.5161486    
   10.3837509       7.98844147    
   13.6445398       5.43252802    
   3.16035652     -0.769819558    
   3.66754150       1.55284977    
   18.0145721      0.371584833    
   5.42270994       10.1341152    
   7.09848928       19.2899380    
   16.7562904       14.5961895    
   14.6249323       2.91276169    
   13.6178083       13.8536396    
  0.955366790      -1.30776060    
   9.28286457       16.9959908    
   13.1935167       17.9062023    
   9.33591747       20.6426620    
   2.53082252      0.294371545    
 -0.215453997       20.8211479    
   13.0081310       4.76573515    
   14.0819149       11.1490211    
  -1.12106192       12.3067045    
   3.15972209       17.2543545    
   10.3686066       9.13566685    
   2.37672162       14.2911053    
 -0.874018252       2.50602078    
   4.77908421       16.9454098    
   17.3795280       14.7818537    
   18.0599728       2.31896615    
   8.19642925       19.6857300    
   4.46824646       18.5892620    
   9.87937069       12.6429901    
  0.635152161       3.11940598    
   9.03560543       13.5273390    
   17.4431000       15.7548561    
   13.5176039       10.5050154    
   7.44781303       3.61785722    
   2.45438671      0.793525875    
   15.7319469      0.756386280    
   10.4012995       10.5371065    
   1.32184279       4.05224228    
   9.80244732       5.06235743    
   11.0941763       5.45843124    
   4.06908607     -0.444302589    
   3.52096963       19.4861393    
   8.83799076       14.5743628    
   6.93522072       14.1186304    
   8.37770844       13.5872602    
   2.00713921      0.256944805    
   17.5291939       6.21351528    
   10.2498884       14.5453825    
   13.5835276       7.97492743    
   7.90647507       19.1198406    
   9.49787617       4.90278625    
   17.0567398       14.0233154    
   17.1074467       19.7875366    
   15.6291008       5.35756540    
  0.251816660       2.20723987    
   19.9731293       16.0402584    
   9.71470547       15.6152658    
   7.27704191       17.7891846    
   3.76342893       3.35482073    
  0.264454484       13.0904074    
   15.4276257       6.36926603    
   11.1320562       10.1625128    
   16.1961212       2.97117853    
   11.0221462       18.6904964    
   20.4876823       3.27434301    
   15.5186949       9.22430611    
   9.82208538       2.33414006    
   18.1975155       12.0037346    
   4.19135332       8.09700298    
   14.4706888       18.7289848    
   1.42361808       15.0685930    
   10.8224916       20.4295444    
   3.53124285       14.6167612    
   10.2008295       9.99777317    
 -0.981431246       3.07773280    
   9.46251678       6.66862106    
   12.7303638       16.6819515    
   18.7264900       13.7415981    
   9.72617817       12.7109756    
   5.44840384       16.0405655    
   4.08474493       8.73906517    
   3.20438027       21.1207943    
  0.873117268       15.6874514    
   17.2426968       8.82305336    
   9.35130501      0.644299209    
   19.1721420       8.37453938    
   3.74529409       1.97228646    
   2.32956624       4.37991571    
