   17.2597389       13.1743822    
   6.36168718       11.0391426    
   10.0287428       10.7622747    
   14.0365906       11.8093252    
   8.16577053       20.4984932    
   5.81777000       1.65957677    
  0.552692950       3.17893744    
   9.01155567       7.45821857    
  0.941833675       1.32209623    
   14.2601204       14.6396666    
   2.63612795       8.42675972    
   11.8887215       13.7862406    
   10.7237911       8.01499844    
   15.7324953       3.89025140    
   4.47953320      0.966155827    
   2.33269215      0.338389754    
   18.8565617       2.07832241    
   5.19530964       10.2398567    
   7.78436613       20.4003544    
   16.5200424       12.1873074    
   15.7557430       2.52293801    
   14.7575264       11.9228859    
   2.00191021     -0.970399261    
   8.73910522       18.2013836    
   12.9769411       19.2385883    
   8.75242424       22.0440903    
   2.89357996      -1.06959796    
  0.729997873       19.7485447    
   14.8094521       5.78573751    
   15.6148911       12.8743324    
  -2.00896883       9.48678112    
   1.02079701       15.9884529    
   10.8063984       7.48398781    
   3.36724186       15.9361095    
 -0.848208606       1.58123934    
   2.45908308       14.8075972    
   17.0359097       13.9207640    
   18.1168880       3.61264181    
   8.43045998       17.8799458    
   4.81623936       17.7456245    
   9.16893673       13.7382088    
 -0.618346453       3.09288073    
   10.0024338       13.1708031    
   16.5938263       16.4441643    
   13.2176676       10.4439087    
   4.42432928       1.89549506    
  0.688564122     -0.923753738    
   16.5455246      -1.52899146    
   10.9192238       12.0863514    
   2.20143080       4.19387102    
   11.1431894       2.94101524    
   9.94882584       3.75503850    
   5.67068052      0.587576568    
   3.95673513       18.8787689    
   8.74396038       14.8697834    
   6.60852671       14.5733442    
   7.58793497       15.6532230    
   2.62526441       3.48715162    
   18.4104919       5.12208223    
   11.2433786       14.3017702    
   16.3331966       9.34086800    
   9.46350861       17.6803989    
   11.4505711       3.90277100    
   18.2962055       13.0997171    
   18.0864849       19.7248859    
   14.4434719       6.84111500    
   3.61765647       3.57612824    
   19.4633884       14.2783709    
   9.46680069       15.3477345    
   7.76404572       20.6401978    
   5.15122652       2.22444034    
  -1.65595388       14.8727112    
   15.4360390       5.09509516    
   11.6706572       12.3777018    
   17.9372540       1.44366336    
   11.3121166       18.7044163    
   20.7549019       2.96353650    
   16.7641182       9.65674305    
   11.2010679     -0.461756289    
   16.7278194       11.1723785    
   3.17313099       11.8693914    
   14.8199511       17.0717182    
   3.49660969       12.7395897    
   10.9804811       18.6579571    
   4.59900188       15.9541607    
   10.7860699       8.64232349    
  -1.01018262       2.40627480    
   9.11034584       9.37784100    
   12.4813023       17.7012558    
   17.1214161       14.0726337    
   9.47259331       13.4458132    
   5.42312574       15.7508154    
   5.81501341       10.1301384    
   3.59324980       22.1963444    
   3.42703629       16.7326908    
   16.3005981       8.63543510    
   8.84914207       1.20678186    
   17.9064083       8.89581966    
   3.81611300       1.25582767    
   3.13836551       4.61985922    
