   17.7017651       12.9694519    
   6.08576632       11.3325920    
   10.2849445       10.1471701    
   13.9710226       12.3401041    
   8.16632938       21.1527977    
   5.70498514       1.96579707    
   1.93168056       3.54754043    
   8.84600925       7.58711386    
  0.259029210       1.09853852    
   15.1972694       14.5555449    
   2.88661313       8.63383007    
   11.9209757       14.2536716    
   9.66253376       6.54173708    
   16.0482655       3.12763548    
   5.07787609       1.82867324    
   1.76201534      0.676377416    
   18.6407013       1.83745313    
   5.91507292       11.5968342    
   7.44683790       20.2776012    
   16.7937908       11.8095093    
   15.6492548       2.43953848    
   14.5131187       12.5346184    
   1.88034594     -0.994033098    
   8.18846321       18.3185654    
   11.9088535       19.7033176    
   8.84441662       22.7163944    
   3.80300713     -0.897625268    
   1.16021013       19.3920097    
   14.3776913       5.96764374    
   15.9023018       12.6920719    
  -1.64020550       9.98229694    
 -0.115954354       15.3285465    
   9.59736061       7.29554892    
   3.39012623       15.8631639    
  -1.09283173       2.37767816    
   2.20109224       15.2758331    
   17.0143814       14.0777731    
   18.4409313       3.66115355    
   7.69471216       18.2027454    
   4.63592720       18.0354023    
   10.2896824       13.6181736    
 -0.164804578       4.37908411    
   10.1051693       12.1723509    
   15.9085960       15.3596888    
   13.5240211       10.4207973    
   5.11156225       1.53922689    
  0.461889505      -2.08992290    
   16.7763824      -1.26420093    
   10.3316374       11.7476463    
   1.24098682       4.63209248    
   11.6422005       1.88727915    
   10.2633123       3.25296164    
   5.32635975      0.324619919    
   2.68818688       18.5969944    
   8.01393414       16.1527042    
   6.08318233       13.9537325    
   7.76036310       16.0371780    
   1.78100526       3.63961720    
   17.7797871       4.76464748    
   10.6375523       15.1875811    
   17.6016636       8.74179459    
   9.26864719       17.7708988    
   12.3295221       3.39972353    
   17.5588074       11.7381201    
   19.3245468       17.9545765    
   13.8895988       7.68820715    
   2.69073367       4.20793486    
   19.5869789       15.2798119    
   9.53020954       14.9676552    
   8.45217037       20.7759342    
   4.86086130       2.94611883    
  -1.19803321       15.2645035    
   16.6263390       5.13806438    
   12.8257761       12.1510401    
   18.7264977      0.100348093    
   10.4596643       18.6845360    
   19.7822094       2.71312308    
   15.8324032       9.13615036    
   10.7271776      -1.12771928    
   16.6572781       12.0194302    
   2.93204880       12.3505402    
   15.0053501       17.3939781    
   3.88408685       12.9950447    
   11.6774654       18.4056835    
   3.19726491       16.5804253    
   10.2351017       9.22280884    
   2.86002588E-02   1.71798289    
   8.90229702       10.7345228    
   12.6130829       16.6836643    
   16.7087975       14.3019304    
   9.85195255       13.1382990    
   5.27795458       16.2161331    
   5.86497498       10.4069414    
   5.25347185       23.1351109    
   2.23588419       16.6034241    
   17.2165203       8.35058308    
   9.01627541      0.831531525    
   17.6508389       8.09162903    
   2.53100085       1.32862675    
   2.74367356       5.41116238    
