   16.9307461       13.3929491    
   6.55220795       11.2666798    
   9.89891624       10.5311193    
   14.3562021       12.1497250    
   8.28118420       20.4418468    
   5.63281441       1.87844729    
  0.612458110       3.27702451    
   8.90841103       7.72194958    
   1.17877209       1.28100145    
   14.3816719       14.7705345    
   2.60477042       8.42422104    
   11.7636375       14.0289679    
   10.9316826       8.15765190    
   15.4255390       3.77008176    
   4.79277849      0.814046085    
   2.62332225      0.349849969    
   19.0461617       2.07857299    
   5.04763794       10.4128256    
   7.62703609       20.5632496    
   16.6328144       12.5268164    
   15.7158413       2.50366664    
   14.5653744       12.1420412    
   2.28840923      -1.30084300    
   8.48571205       18.3404236    
   12.9234810       19.4172421    
   8.98758125       21.8561363    
   2.65127254     -0.849767983    
  0.668841243       20.0920162    
   14.7785301       5.81926203    
   15.7741318       12.7079887    
  -1.77134240       9.68029785    
  0.873174071       16.0437336    
   10.6877966       7.61433172    
   3.16129541       16.0812111    
 -0.897579074       1.53533053    
   2.52127194       14.8030014    
   17.1993465       13.8240414    
   18.4148655       3.58083844    
   8.17809677       18.1739902    
   4.67929554       17.5803719    
   9.38157368       13.4140997    
 -0.459444463       3.04285216    
   9.97934723       13.0022993    
   16.5024414       16.3638802    
   13.4105368       10.2976971    
   4.54514122       2.09770918    
  0.556219101     -0.773236334    
   16.6479740      -1.32387900    
   11.0300226       12.4177628    
   1.97768462       4.36615276    
   10.9751930       3.22657537    
   10.1335773       3.73666811    
   5.60904455      0.511604369    
   4.10564375       18.5699997    
   8.60577774       14.7919302    
   6.44123077       14.8561573    
   7.28590107       15.4998960    
   2.48658204       3.33011341    
   18.4725571       4.88179255    
   11.3944731       14.0972710    
   16.5755291       9.22885132    
   9.29105854       17.9886608    
   11.3088512       4.01682663    
   18.0846138       13.2510109    
   18.0288086       20.0104961    
   14.7794714       7.03232527    
   3.28018618       3.53396893    
   19.3625050       14.3305836    
   9.45758533       15.0167055    
   7.49036980       20.7085438    
   5.40980768       2.23623466    
  -1.82719278       15.0414267    
   15.1801863       5.09058428    
   11.6430807       12.2285948    
   17.6113663       1.45212436    
   11.5984602       18.6049824    
   20.7224751       3.29095745    
   16.6795139       9.98684216    
   11.1075964     -0.557254732    
   16.6564636       11.4222622    
   3.44673991       11.7533531    
   15.1580448       17.2592278    
   3.35246682       12.6641111    
   11.1552744       18.3280926    
   4.30089760       16.2202740    
   10.6921434       8.44831467    
 -0.780519247       2.74725842    
   9.34094524       9.07652092    
   12.8093128       17.4481449    
   17.3594360       14.1762867    
   9.79883957       13.6402893    
   5.72139692       15.4267378    
   5.74115562       10.2509413    
   3.67627621       22.2940216    
   3.17853379       16.8177662    
   16.0671844       8.92397022    
   8.67533493       1.14433122    
   17.8695583       9.14862728    
   3.83437967       1.60165441    
   2.93533945       4.48975420    
