   17.2471199       11.9567204    
   6.47037125       11.6887789    
   10.2972269       9.81492424    
   13.8886461       13.7393656    
   7.64161730       20.3962326    
   4.79140282       2.59986925    
   1.93127632       3.66390371    
   6.70542622       8.40407085    
   1.93197870      0.406120747    
   13.3732042       14.7595310    
   1.04537404       8.92315483    
   12.6571350       14.7309227    
   10.7821217       8.49837971    
   14.9087248       4.25949287    
   5.44846058      0.549730122    
   2.85992932       1.02264524    
   19.2201061       1.68686509    
   5.77590466       10.1026468    
   7.35901022       19.6538677    
   16.7735806       13.3282938    
   14.5917683       4.00426912    
   15.2455511       12.3652983    
   1.52688181      -1.57631934    
   9.21886253       17.4184647    
   13.1589003       18.8234615    
   9.18286896       20.8685417    
   2.75864029     -0.546301723    
  0.517664611       19.7341442    
   13.2550201       5.99637318    
   15.7078133       13.0569820    
 -0.777714372       11.8215475    
   2.18752623       16.2319298    
   11.9743185       7.66472101    
   1.31042492       15.2298107    
 -0.394392669       2.22613287    
   2.59081674       15.9865313    
   17.1027107       14.3415375    
   17.8464832       3.91216135    
   8.41074944       19.6711884    
   4.90243292       17.8406105    
   9.92071533       13.2266588    
  0.261425257       2.67128158    
   9.10572720       13.7390747    
   16.6157799       16.7573357    
   13.7961130       10.5548382    
   4.77012444       3.54424238    
  0.851649106     -0.253039479    
   16.5577278      0.190123290    
   10.1572132       11.2769079    
   4.44582748       4.74253654    
   10.2601461       4.88072968    
   9.87718773       3.60750461    
   4.90770531      0.757438600    
   4.08940458       19.8713398    
   9.12980175       15.4932575    
   6.57246161       14.5269766    
   7.44534779       15.4156132    
   2.33259058       2.34920764    
   18.0300369       4.76229143    
   10.6817102       15.3930368    
   14.5927019       8.63877487    
   8.51811981       18.1443710    
   11.0982876       5.87280989    
   17.4811630       14.8568354    
   16.9097519       18.8132286    
   14.3034229       5.97922421    
   2.45866108       1.64171433    
   18.3679199       16.1490364    
   9.70028877       16.0481167    
   7.92385197       20.0223217    
   5.04702663       2.41351533    
 -0.450116694       14.3303232    
   15.3842325       5.94056225    
   10.1883554       11.3293886    
   16.7139874       2.67973685    
   10.8706808       20.0847702    
   20.5740948       4.06139231    
   16.2165756       9.20158482    
   11.7650661       1.32692480    
   16.6038074       11.8585396    
   4.59072351       10.0592012    
   14.7270174       18.4400635    
   1.29677653       14.1956491    
   9.73178291       18.5107880    
   4.20390129       15.5521393    
   9.60356522       8.99787140    
  -1.83353579       3.25486040    
   9.73430347       7.54432058    
   12.3384209       17.4058762    
   18.1675949       14.0603065    
   9.37439251       12.9002581    
   4.49009991       15.8385410    
   4.96344709       8.55935383    
   3.36644077       20.9573498    
   1.39660978       16.2714386    
   16.9741936       9.03967571    
   8.90535450       1.04412568    
   17.2320271       9.01675987    
   4.91252470       1.49254334    
   2.98717356       4.70143032    
