   16.5815163       7.85933685    
   3.15383697       12.2079086    
   9.85435009       10.4820538    
   6.80881357     -0.311150998    
   8.47495651       14.4521494    
   17.4219532       15.6672783    
   12.1179571       7.79391050    
   12.6250362       9.67142391    
   8.85866070       5.61291027    
   15.2780199       4.78349304    
   5.01623583       16.1022511    
   14.2203646       11.1587677    
   8.20483208       11.3278799    
   3.73297119       15.2667494    
   12.4966383      0.682625175    
   1.49814081       13.4100037    
   1.41298282      0.629354537    
   13.1858644       18.4518242    
   6.70468616       6.14561129    
   2.55549121       18.8545952    
   14.3236361       17.9414444    
   8.15680599      0.412298143    
   14.1164856       12.6765127    
   8.43176842       2.03062153    
   8.03966522       11.0023060    
   10.7525587      0.173196152    
   8.64411163       12.7931614    
   4.30258989       12.6273460    
   1.31349599       10.4471006    
   12.7835007       13.4319258    
   21.3812466       12.3891602    
   10.7339077       6.95213366    
   14.2343044       7.80135107    
   1.39328778       10.6260071    
   3.87592149       6.40116739    
   3.36026978       7.17881060    
   4.22689247       14.6842709    
   1.94104409       16.2418747    
   2.81951356       6.01367998    
   4.19924498       3.77885532    
   3.97862172       9.98265839    
   16.5502396       18.4193783    
   5.95742273       2.60840058    
   19.6828671       13.2464247    
   13.5658760       3.24930954    
  0.599195421       14.1421337    
   6.70442915       5.29595327    
   5.62443686       18.9312382    
   9.59440136       5.70874691    
   10.4996920       11.4621601    
   9.57759571       2.16612601    
   20.4185047       14.8555994    
   6.47624588       8.53093910    
   9.06061935       19.6528187    
  0.143176273      0.579936802    
   6.62521362       9.72342300    
   1.80175924       13.1079922    
   11.9836206       6.59319592    
   18.3765450       6.60359001    
   11.1397429       23.2377148    
   19.1953068       6.47727060    
   6.65308380       1.92667794    
   2.90959859       10.5762873    
   15.0371237       4.31924343    
   15.5147581       5.48395109    
 -0.855892777       1.67181969    
   4.90295410       8.83328247    
   15.7273550       11.6281662    
   24.5333843       1.40457082    
   5.65181923       5.94787598    
   15.9987717       9.56628799    
   2.95222473       9.09524441    
   8.34571934       18.4827137    
   15.1127396       1.49420714    
   11.0564699       19.3126488    
   9.65728664       14.4395790    
  -1.06942225     -0.852637410    
   8.86289215       3.05498385    
   7.69231749       14.9129324    
   4.54331589       16.6446152    
   16.6342831       17.8606796    
   3.21843266       6.82685280    
   7.91953355E-02   15.3956556    
   10.8675575       9.65378857    
   18.3368874       10.8868303    
   2.68716788       10.3131933    
   16.0412941       22.6145344    
   7.53428650       1.08340156    
   7.48512793       1.57264709    
   20.7550411       15.2608080    
  0.375498593       20.7450962    
   1.22445464       4.53541899    
   12.1513977       4.36891460    
   3.71833777       4.24803925    
   5.13686228       20.9581642    
   8.41233921       7.06025171    
   4.82917547       12.5326481    
   3.00705123       11.8297014    
   15.7059908       12.9230661    
   4.15929556       4.72486734    
