   16.2673740       12.5211802    
   6.90254736       11.1598034    
   12.1449318       10.0111780    
   15.2151270       12.1240778    
   8.52844143       18.6804314    
   5.05825949       1.72335374    
   1.82736742       3.68650031    
   9.68951893       7.21993971    
  0.334637403       1.55989134    
   15.1549463       16.5873165    
   1.85738051       9.25861740    
   13.2147551       13.9479084    
   9.92624283       7.47823477    
   11.9951763       6.97913837    
   1.36212540     -0.781074286    
   2.72545004       1.93234313    
   17.5264740       1.36764002    
   5.46605825       10.5333862    
   7.28345585       18.6733532    
   16.6270504       14.6236553    
   16.3772640       2.71353602    
   12.7562208       14.2625866    
   1.44289339       2.15502143    
   9.24051571       17.1193066    
   14.1307268       18.5086479    
   8.53821754       20.3457947    
   3.62296295      0.210379511    
   1.28988385       19.5206947    
   13.9179850       5.15786743    
   12.8504133       12.0789537    
 -0.115720533       13.5206261    
   3.21713209       17.9313221    
   10.1401949       8.75569916    
   1.82880616       15.3200426    
 -0.398553044       2.40537667    
   3.80045533       19.1233768    
   17.1524162       14.6059771    
   19.3935261       1.99903500    
   8.85726357       19.3607445    
   4.40319586       18.8543472    
   9.04887295       12.5824375    
   1.33625865       1.28213024    
   8.75875854       12.2354841    
   17.1532402       15.2618132    
   13.4051809       10.2174253    
   7.25325155       3.31538010    
   3.75660563       2.19684792    
   15.0480347       1.38303506    
   9.80498695       10.9904661    
   2.83915901       4.34323120    
   9.42636204       5.38537264    
   8.87957287       5.45387268    
   3.23052430     -0.175742492    
   4.35281849       20.3054600    
   8.98172379       15.9447594    
   8.23002815       15.4237976    
   7.16055536       14.0462313    
   1.65365422      0.981932521    
   15.6010771       6.51433659    
   10.2452974       14.3653193    
   12.5071526       8.16858006    
   8.93770218       18.1778584    
   9.73490620       3.89102578    
   16.1066933       12.5811005    
   16.3693829       20.0446568    
   16.7067623       6.04115438    
   2.06449223       3.52244020    
   18.0984211       17.0180607    
   9.22143650       16.3478622    
   8.28155708       17.8484802    
   3.40831876       3.47937393    
   1.59527636       11.6614799    
   15.7976961       7.05919504    
   11.6593876       10.9811068    
   15.7782278       3.40460944    
   11.4752254       17.6892357    
   20.5767307       4.12027264    
   14.2186308       6.98876953    
   7.91961670       1.57083023    
   18.1569977       11.6859064    
   4.02538204       8.58320999    
   15.5977163       19.4762230    
   2.94657230       15.3151989    
   9.98157406       19.0626602    
   3.24823666       13.5620117    
   9.87525463       10.5735006    
 -0.648639500       4.49617243    
   7.34193802       6.82757807    
   14.3307390       16.3310184    
   17.8683777       11.9619522    
   7.89509106       12.8417416    
   6.95635700       16.0797062    
   2.75261903       7.34083128    
   4.40993166       20.0067253    
  0.850073516       15.4272022    
   15.7027054       8.06571579    
   11.9726286      0.463158041    
   19.4970150       9.11499119    
   4.32095909       1.24467766    
   1.77138495       2.52781415    
