   16.6702595       4.03601313    
   3.23539662       13.7247095    
   9.73564434       10.3973999    
   6.27309418      0.374950260    
   11.4317017       13.3309679    
   16.3004513       15.5334177    
   12.4086323       6.99505186    
   12.6719933       7.62117577    
   6.76002645       4.78449821    
   17.2143002       6.32470560    
   6.02820539       17.1214600    
   15.5612297       12.0527496    
   6.63039732       12.1351995    
   2.47047544       14.2114134    
   12.0166731     -0.284522235    
   1.10708869       13.3625708    
  0.231938630       6.19241362E-03
   13.4997845       18.8714046    
   8.52559757       5.48480988    
   2.76058221       18.2869930    
   12.5802631       19.2485180    
   8.87045097      -1.65883982    
   15.2513256       12.7816038    
   9.83679390       1.09835243    
   6.91670275       8.81811428    
   12.6871443      0.873210371    
   9.72787380       12.9943304    
   4.02600718       11.6793156    
   1.09995580       11.4824867    
   13.2193632       13.7592440    
   19.4268818       9.11778450    
   11.9939775       8.01209354    
   12.6801882       5.13750219    
  0.176560998       10.5771103    
   4.07347679       5.94415236    
   4.14694309       7.63086414    
   4.83122635       15.7499676    
   1.63457239       16.7453442    
   5.82213545       4.97114325    
   2.51456380       3.64077592    
   3.87811041       10.9730864    
   16.5503197       21.7127285    
   7.30184937       2.08607006    
   18.9629955       9.96427631    
   14.5171251       3.73875260    
   2.27125645       13.3200417    
   8.43212509       5.46214771    
   7.45675993       18.8516407    
   9.71458817       4.47778797    
   12.6576872       13.2254219    
   9.54714298       1.50808537    
   18.9532280       14.9556961    
   8.19913101       8.90398216    
   9.08001041       19.2081299    
 -0.436349005      0.628320158    
   5.60619068       9.03797436    
   2.48296022       9.72286224    
   13.8460188       7.28289557    
   20.8076439       7.02921438    
   10.6294413       21.1111889    
   20.1423473       7.22228050    
   4.49858952       1.48277533    
   2.43953562       10.7700901    
   16.0642624       3.86668968    
   15.3044863       5.44864273    
   1.44558990       2.14279318    
   4.38720179       8.10176754    
   17.7400284       11.8934603    
   22.0756245       1.11808980    
   6.72624302       6.42955875    
   15.5246735       10.2972164    
   3.41872334       9.70671844    
   8.74004745       17.5049744    
   17.1482544       3.37484026    
   12.4584389       19.0655346    
   7.89208269       12.9514818    
  -1.11303198      -2.00770640    
   8.91956329       5.15485001    
   5.96526575       13.7471571    
   3.37064624       16.0944271    
   14.9119797       18.2555161    
   2.00334835       5.37717772    
   1.12569499       15.3137827    
   10.6259203       8.57759953    
   15.8639307       11.5955734    
   1.80347514       11.6025143    
   17.0681019       21.2681923    
   3.74895215       2.47734976    
   8.22155666       1.92161393    
   19.7144184       14.2672634    
 -0.836714506       19.6064167    
  0.398855865       4.67348003    
   11.1906319       5.27753544    
   4.73384142       2.02440357    
   4.35119295       19.7015781    
   10.9146452       5.63397312    
   4.42418528       10.1070118    
   4.96950531       12.1081438    
   16.0557995       14.1302195    
   6.38717937       5.02054071    
