   15.7378578       4.81933880    
   2.86538005       12.1742125    
   12.6800156       10.5135441    
   5.23996449      0.817418396    
   10.9365034       15.0054007    
   15.5897388       16.4040680    
   10.2355232       6.87036514    
   13.2850800       4.70291376    
   3.90007520       4.03856897    
   16.8732376       7.22599077    
   6.68233252       15.9038696    
   14.9508638       10.5757275    
   6.32918549       11.7664061    
   2.48957944       13.8768330    
   11.8241444      0.915374994    
   3.22419524       13.9819670    
   2.17830563       1.28503764    
   13.3254862       17.3616486    
   10.3542624       6.70972538    
   2.67892051       16.5612926    
   14.6241779       17.6675644    
   6.52870560      -1.37393808    
   15.4501295       11.4416552    
   10.6742611      0.848990798    
   7.19467545       8.53960705    
   12.8190775       1.43259323    
   9.27917480       12.1706600    
   4.13611603       10.8344030    
   1.15682793       12.6708899    
   12.8434439       15.8266468    
   18.2696533       9.44984150    
   8.34636974       7.46476460    
   12.5410166       3.46762109    
  0.656922400       11.2970219    
   2.50965500       5.61334372    
   3.86205316       6.82322454    
   5.17619181       16.2701836    
   2.51620793       18.3303547    
   6.58392715       2.68426466    
   1.80472827       1.48262906    
   4.76327419       10.0602255    
   16.5007572       20.6310501    
   5.89625263       2.82776690    
   18.1760139       9.20193005    
   14.0675488       2.62157702    
   1.16676998       14.2571630    
   9.92536259       6.21257544    
   6.65767145       19.2075882    
   11.1031895       4.49632215    
   11.6627102       10.2417002    
   7.57955933      0.953713477    
   16.6781883       14.9490690    
   8.47440147       9.49804592    
   8.06995010       19.2705517    
   1.96676492E-03  0.271474183    
   5.24510336       8.28511429    
   3.68387437       8.04552746    
   14.6834688       7.91734028    
   19.6716328       7.54151154    
   13.2812033       19.6510639    
   18.2302303       7.97140265    
   3.28635073      0.925163925    
   1.70717072       8.10148144    
   15.4746485       4.22147512    
   15.2263517       6.03343821    
  0.997359693       2.29126453    
   4.93802166       9.56682396    
   17.0154991       11.8455868    
   19.3837814      -6.71501830E-02
   6.17349863       5.34038067    
   15.2049313       10.6222219    
   2.25689459       9.55063152    
   9.34974575       16.4512253    
   18.7034492       3.13030982    
   12.9264174       19.0444126    
   6.68947363       12.4058752    
 -0.458735019      -1.05074322    
   10.3808155       5.20609856    
   5.11328411       14.8020535    
   2.43050885       16.6714478    
   15.9907436       17.8158092    
  0.696519077       6.75460052    
  0.515391111       13.2977190    
   12.1915541       9.69247341    
   12.9944687       9.30480957    
 -0.733715832       10.5598917    
   15.2972546       19.9714146    
   4.03009510       3.34183121    
   9.94874287      0.872913241    
   17.2614174       16.3413048    
  0.867817402       20.3907509    
  0.226243958       5.74624777    
   10.6523981       5.07367563    
   3.68281412       2.14586043    
   2.45545053       19.3698673    
   10.4566383       4.40683603    
   3.49566698       10.3577185    
   4.72095919       11.9069443    
   14.6245670       13.1807623    
   7.08430672       5.48378563    
