   15.9336233       12.0509033    
   5.81560946       11.0203695    
   12.2729921       9.73600006    
   16.3651962       11.9451141    
   7.36984491       19.2147503    
   4.47536039       1.90236437    
   1.17176569       2.41789222    
   9.54611397       6.94931412    
  0.483226120       1.21255195    
   14.9526987       16.1270943    
   1.73936510       9.14671707    
   13.2000093       13.3595018    
   10.5288258       7.30703402    
   12.0419025       7.17976284    
   2.02283192      0.559458494    
   3.72119617       2.30566120    
   16.6656914       1.75380838    
   5.22505283       10.9099541    
   6.73503542       18.3868675    
   17.0052471       14.4345665    
   16.9893570       2.60954046    
   14.4466305       14.1283836    
  0.894664228       2.01677275    
   8.63974667       17.3916149    
   14.6099033       18.1841106    
   8.38696575       19.5613499    
   3.68375111      0.134278744    
   1.65022922       19.7892056    
   13.5629272       5.11287260    
   11.7852669       10.9853058    
  -7.26385862E-02   13.2117510    
   2.83194113       18.4444847    
   10.2451353       8.73611355    
   1.07164788       16.0947647    
  0.128423095       1.58730078    
   4.48852491       17.9885254    
   17.2590370       14.1576805    
   19.2180920       1.72655213    
   8.32379246       17.9531078    
   5.55767250       19.0695705    
   9.45704460       13.3791084    
   1.91467357       1.09160078    
   9.05013561       12.0770292    
   16.4113770       14.8822231    
   13.5837555       10.8213501    
   6.72472763       2.37250781    
   3.16005993       2.38997054    
   14.0140581       1.89407432    
   8.65505600       10.4790411    
   2.56319690       4.58113098    
   9.34401608       3.93768954    
   8.11978531       5.28392458    
   3.15672636      0.397789359    
   4.81384993       20.0876503    
   9.56931973       15.9923372    
   9.06454468       14.3106012    
   7.89104795       14.7816544    
  0.823205888       1.12910497    
   15.7413626       6.23024797    
   9.62794495       15.3474607    
   12.1990719       7.88486671    
   9.18797398       17.0679531    
   9.11443615       3.87445688    
   16.0689831       12.0988655    
   16.2614307       19.0802097    
   16.8338852       6.62406874    
   2.28177881       2.45339465    
   17.3609180       17.2432098    
   9.37278748       15.8830299    
   8.66400433       18.2614059    
   3.42047215       2.75856256    
   1.11165011       11.7883997    
   15.9467421       6.97589874    
   10.7450514       11.0644388    
   16.7100677       3.77281356    
   11.6917210       18.1124916    
   19.1987877       3.55508137    
   13.4321918       5.86728477    
   7.95641661       2.53908157    
   17.2544479       12.3826990    
   5.58182144       7.72577429    
   15.4485693       19.8983994    
   2.69038486       14.2484598    
   8.91186810       18.9128590    
   3.08565640       14.2038870    
   9.78729725       10.5788641    
  0.529176831       3.83103490    
   6.93076038       7.77403402    
   14.3558111       16.7419186    
   18.6996708       12.1303120    
   8.40831470       12.3277531    
   6.65765762       15.6623783    
   2.58548188       7.18285227    
   4.09180641       19.7023087    
   2.10299039       15.8098564    
   15.7840137       7.31815577    
   11.8449001      0.193470687    
   20.0641327       9.23080730    
   4.41503429      0.937102139    
   1.94884527       2.91635752    
