   17.0639496       11.9701710    
   6.71692467       11.5347958    
   9.63193417       10.5056629    
   14.3483486       13.4320498    
   7.22964764       20.2028980    
   4.57077122       2.37708592    
   1.63172698       4.45777178    
   7.38301039       8.48252583    
   1.99594283       1.78994858    
   12.9145613       13.7145100    
   1.78291249       8.73109150    
   12.4977179       14.2148581    
   10.5317421       7.84665966    
   14.5190983       3.30039048    
   4.83321095      0.131633177    
   3.16401196      0.733708918    
   19.3351994       2.59552169    
   4.95165682       10.9013042    
   7.13683510       20.4891148    
   16.6465282       12.9970598    
   14.1427460       3.99655390    
   14.9055243       12.4791527    
   2.29218841      -1.40572631    
   8.94520664       17.2962570    
   12.8869133       19.3501530    
   9.42692852       21.0799770    
   3.44918680      -1.12591600    
  0.278615266       19.8036842    
   14.3054743       6.02013922    
   15.3617172       12.8504934    
 -0.426197618       10.9006824    
   2.22405648       16.4439449    
   11.1547070       7.64238262    
   1.85260129       15.5626230    
 -0.401688278       2.54389882    
   2.07201004       15.2034616    
   17.4496727       14.2127419    
   18.6210537       3.85337973    
   9.05236435       19.0075111    
   4.33427477       16.7360764    
   9.72957039       13.9344215    
 -0.540187240       2.70973992    
   9.29981041       13.5565701    
   16.6056900       17.1571751    
   13.4147339       9.02823067    
   4.52590036       2.55093026    
  0.690538704     -0.479890496    
   17.0330105     -0.976796627    
   10.4960194       11.4464197    
   3.41082168       5.24696732    
   9.95606613       4.37253141    
   10.2330694       3.82779980    
   6.05689096      0.349199176    
   5.03907919       19.6655540    
   8.56954479       14.8007612    
   7.21993542       14.8215294    
   6.94494772       15.8845177    
   2.86801171       2.46770024    
   17.1741924       5.07844496    
   10.8921862       15.0142841    
   14.9600801       8.47375011    
   8.95200348       18.4651546    
   10.8554296       5.77900267    
   17.8657341       14.6317844    
   17.5301781       19.7244053    
   14.8402805       5.87648058    
   3.04306579       2.17993474    
   18.5480995       15.3553343    
   9.45583153       15.4976063    
   7.55835104       19.9328709    
   5.39865446       2.87306976    
 -0.655405462       14.7228422    
   15.5215206       5.72100067    
   10.7603397       10.8938856    
   17.7323608       1.98541701    
   12.1496792       19.8342171    
   19.8967361       3.99822831    
   16.6840973       9.91801739    
   11.5619898      0.794415355    
   15.9684620       12.3709316    
   4.44323492       10.8202324    
   14.9675121       17.7592487    
   2.81584048       13.4734402    
   10.6300249       18.3509083    
   4.86167717       15.6656351    
   9.35013771       8.28321743    
  -1.49513805       2.71565819    
   9.56619167       8.02284813    
   12.6515112       17.4654350    
   17.5313110       14.1817703    
   9.78255463       13.1651640    
   5.26915646       14.8966188    
   5.30347300       8.70143795    
   4.18737411       21.4798374    
   2.30446005       16.4730492    
   15.9526215       8.06653786    
   8.26974869       1.31539237    
   18.1645222       8.41495991    
   5.18807888       1.54358613    
   2.97348881       5.15123844    
