   17.8051720       12.2929926    
   6.63516235       12.7039852    
   11.0490894       9.60411072    
   14.9435244       13.9312763    
   7.86402893       19.6797943    
   5.43492270      0.457098126    
   1.89683092       2.53044200    
   8.46502018       9.01009655    
   1.63633597       2.48237872    
   14.6437206       15.5973654    
 -0.170019716       9.70559692    
   12.7525921       13.5185452    
   10.4225273       8.08287334    
   13.9717731       5.45697069    
   3.58898544     -0.457388222    
   3.79637313       1.07147658    
   17.9338608      0.337494850    
   5.27240276       10.2491722    
   6.95653582       19.4018803    
   17.1117516       14.2110901    
   14.7804155       3.38430762    
   13.7113962       13.9473104    
   1.41714740     -0.902593315    
   9.37538052       16.5018387    
   13.7842712       17.7936115    
   9.77429485       20.0486526    
   2.67356658       6.50551990E-02
  -6.16544038E-02   20.2940559    
   12.5990791       5.28038120    
   14.5177488       11.2458420    
 -0.997508883       12.4659557    
   3.13535666       17.3289509    
   10.8906517       9.38021755    
   2.49145269       14.2181263    
  -1.16106319       2.12719536    
   4.51589251       17.0831108    
   16.9660988       14.2965508    
   17.7023487       2.98126554    
   8.22901917       19.4371071    
   4.59569979       18.3195000    
   9.80386925       12.9855509    
  0.450752497       2.68688917    
   9.38538742       13.7553043    
   17.5276794       16.0057774    
   13.6321888       9.88843250    
   7.45231771       3.73855877    
   2.42724752       1.01086438    
   15.5618620      0.754850209    
   10.7732325       10.6507034    
   1.59560204       3.83380723    
   9.84318066       5.19334269    
   10.6549778       5.14460993    
   4.49619532      -2.82559753E-03
   3.36880016       19.9789238    
   8.97242165       14.4133348    
   6.72300577       14.2677679    
   7.93070984       13.5517874    
   2.07307029      0.497029692    
   17.2290382       6.13763618    
   10.2937593       14.8994846    
   13.8231621       7.93660212    
   8.24085903       19.4796066    
   9.87379742       5.37955141    
   16.8346691       14.0790653    
   16.6867218       19.2384129    
   15.5241213       5.53064919    
 -0.310032576       2.28523254    
   19.6756992       15.7662621    
   9.50332355       15.4360981    
   7.47086096       18.2080593    
   3.81623578       3.21638656    
 -0.373534679       12.8931475    
   15.2480297       6.28662157    
   10.5888510       10.3430843    
   16.0256500       2.74554539    
   10.9351730       18.9000587    
   20.7506809       3.36301851    
   15.9782515       9.47229767    
   9.95339966       2.21927714    
   18.4085579       12.3220749    
   3.94971061       8.25632763    
   14.0192995       18.8311939    
   1.12825155       15.0753565    
   10.9781647       20.6190052    
   3.53515315       14.6619272    
   10.0572834       10.1670055    
 -0.911862910       3.17863917    
   9.37901115       6.85103559    
   12.6370220       17.1155949    
   18.7858925       13.6539402    
   9.22049332       12.4976721    
   5.42578077       16.1309566    
   3.86873507       8.78435898    
   2.93244004       20.8742046    
  0.518376648       15.6778641    
   17.0692368       8.56441498    
   9.87075043      0.427847177    
   19.5602112       8.77976704    
   4.09089613       1.83933949    
   2.65404606       3.74004722    
