   17.4157867       12.2650404    
   6.78984356       12.4483662    
   10.2707024       9.63198280    
   13.9328985       14.5196285    
   8.62911510       19.6894379    
   4.99005890       1.44889295    
   2.04598022       3.09326267    
   6.41616917       8.24838352    
   1.61764693      0.893058121    
   13.8394899       15.5187950    
   1.18536103       9.64211273    
   12.8518658       14.3974695    
   10.5465450       7.92769575    
   14.5068111       4.34940815    
   4.68979263      0.221852183    
   4.43371296       1.59755468    
   19.2175522       1.12522769    
   5.58389187       10.7163410    
   7.36905050       19.3337841    
   17.0287971       13.3262396    
   14.9367800       3.41638684    
   14.7476263       13.1373730    
  0.831995428     -0.703015447    
   9.09772205       16.8852196    
   13.5203838       18.0187607    
   9.59817791       20.0237846    
   2.82293320     -0.826053083    
 -0.786805451       19.7781811    
   13.1301546       5.91740656    
   15.5083227       12.7025394    
 -0.829753995       12.4883938    
   1.69052196       16.0066090    
   11.3762798       8.58985901    
   1.78649533       14.1933355    
  -1.33449125       2.37177515    
   2.95108962       16.0041180    
   16.7258701       13.9164562    
   17.9812756       3.06629467    
   8.04873562       18.9561272    
   5.40817165       18.0005322    
   10.6833925       13.3315353    
  0.432062149       2.43918681    
   9.72905922       13.0621786    
   16.5786896       16.8880863    
   12.8572397       10.9141340    
   5.11084747       4.17389297    
   1.49124622      0.835831106    
   15.6918602      0.436683089    
   10.8744879       11.4813814    
   3.42480421       3.96303415    
   9.81694984       4.89859152    
   10.6035290       4.11845779    
   4.54473257      0.961730182    
   4.11232758       20.1018448    
   9.03292942       15.6867876    
   6.85956907       14.1689014    
   7.82974720       14.8291969    
   2.06563354       2.61376905    
   18.6017246       5.73652220    
   10.9453974       15.3846359    
   14.5063448       7.81196213    
   7.62973928       18.8190727    
   10.2786484       5.59159946    
   16.7840691       14.7589674    
   15.5290833       19.0027027    
   14.6744776       5.76212168    
   1.61399555       2.34706116    
   19.0529289       15.6922932    
   9.60553646       16.4628677    
   7.72827673       19.5477829    
   4.78076172       2.93703246    
 -0.316468626       13.5759716    
   14.9918385       5.71839666    
   10.3097467       10.8746710    
   16.0948887       3.58509374    
   10.2282906       19.5301933    
   20.3785267       3.74194336    
   16.5991859       9.08651352    
   10.8713665       1.57242000    
   16.9208698       11.8924017    
   4.82132912       10.1433134    
   13.6203032       19.1955357    
   1.47878742       15.1709938    
   9.82182598       19.3932934    
   3.56722522       14.9273005    
   9.42062092       9.29042530    
  -1.73704267       2.93517613    
   9.28026485       7.40127134    
   12.3616409       16.9491806    
   18.2766972       13.6610518    
   9.26769733       12.6926088    
   5.38941097       16.0435162    
   4.29529619       8.33919621    
   2.31044745       21.0126057    
   1.54810786       15.4129524    
   17.6164436       8.41944313    
   8.85133553       1.15808845    
   17.6613712       8.73737526    
   4.02012110       1.88022053    
   2.24644279       5.05954361    
