   16.8667793       11.4730873    
   6.90090179       11.9277477    
   9.98893547       9.85753250    
   14.0631571       13.2689896    
   7.31546259       20.3645706    
   4.41924763       2.19407868    
   1.48505509       3.91155696    
   6.44757652       8.87081432    
   1.85595596      0.902488708    
   13.3824425       14.6049337    
   1.04844046       8.91580963    
   12.6460514       14.4385071    
   10.6168919       8.00155163    
   15.1445761       4.26962423    
   5.53178024      0.830477834    
   3.17329741      0.953684092    
   18.9429111       2.03508639    
   5.85090351       10.0259724    
   7.27086592       19.9300518    
   16.3977261       13.0969172    
   14.1096020       3.91627765    
   15.0707541       12.2228632    
   2.04207611      -1.65488291    
   9.14474297       17.6345978    
   13.7104101       18.9590683    
   9.44785786       20.6886864    
   2.74852705     -0.714021206    
  0.141359851       19.5293217    
   13.3486004       6.04516125    
   15.1635742       13.0357389    
 -0.951733828       11.4761276    
   2.05172443       16.4121342    
   11.9871292       8.02971745    
   1.54878080       15.6204901    
 -0.442670703       2.83022332    
   2.40483880       15.7138596    
   17.3486004       14.2068186    
   18.2128563       3.59630752    
   8.76504803       19.6387424    
   4.94363213       17.7439194    
   9.73021603       13.4595070    
 -0.390596986       2.96056557    
   9.30891895       13.6659660    
   16.3254013       16.6858826    
   13.8438845       10.0012836    
   4.68536854       3.24818754    
  0.731240571      -1.57941934E-02
   16.7554874       6.38427958E-02
   10.1378355       11.4291239    
   4.07625008       4.87318230    
   9.61253357       4.55975866    
   10.2918596       3.56853509    
   5.31335163       1.14894772    
   4.37491655       19.8610764    
   9.16072655       15.2211514    
   6.54385614       14.2809868    
   7.35062647       15.6465473    
   2.89773560       2.40807581    
   17.8699245       4.85026932    
   10.6385307       15.2045698    
   14.3996201       8.47604656    
   8.96926498       18.2630711    
   11.4606705       5.49998522    
   17.8669281       14.9977398    
   17.2285271       19.3390484    
   14.5630188       5.66092634    
   2.54144216       2.09234810    
   18.7820492       15.5804071    
   9.23334217       15.9537382    
   7.99030685       20.0504475    
   4.93826342       2.39462066    
  -1.04330957       14.7917042    
   15.6699314       5.95720720    
   10.2192469       10.8874378    
   17.3036861       2.52986932    
   11.2968903       19.7976494    
   20.5882339       3.92033339    
   16.0865784       9.41692543    
   11.7379541      0.886208117    
   16.1146717       11.6759672    
   4.13592434       9.89372158    
   14.8416491       17.7981243    
   1.60282183       13.7561598    
   10.3975735       18.6429825    
   4.03711176       15.9246655    
   9.74290466       9.01842785    
  -2.02697277       3.02324080    
   9.67289066       7.61914635    
   12.2803755       17.2522659    
   17.7736950       14.2451248    
   9.23903370       13.1333570    
   4.63333654       15.4852676    
   4.94555330       8.37740707    
   3.55215383       21.1919632    
   1.74374580       16.1425209    
   16.9669132       8.80158138    
   8.53017139       1.57236254    
   17.7270889       8.95958042    
   4.59399796       1.49459803    
   2.90251589       4.38762522    
