   16.6472244       5.72015810    
   3.68385577       13.5351515    
   10.8825312       10.2368822    
   6.17515469       1.10323548    
   9.75751400       13.3282957    
   16.1894798       16.3170509    
   13.1504536       8.27291775    
   12.8140841       7.98966122    
   7.83229780       4.93552732    
   16.9594059       5.83591318    
   6.60049868       15.7671499    
   14.7750025       11.4242105    
   7.38825798       12.2109413    
   2.81221366       13.4809675    
   11.5022774     -0.307109565    
  0.656720459       13.4175873    
  0.443084031      0.317066193    
   13.4948835       19.1427765    
   8.02908993       4.71034241    
   2.03299522       17.8118114    
   13.8111868       19.3629150    
   8.22629452     -0.532322407    
   15.0784531       12.4918919    
   8.83189774       1.10679674    
   7.54179478       8.74147320    
   12.5024519       1.23174202    
   9.79735851       13.2293978    
   4.05512142       11.2678003    
   1.03562653       11.5979300    
   13.6875248       14.5343819    
   20.5958138       10.8454189    
   11.9083233       9.25653934    
   13.4243050       5.16864014    
  0.942915738       11.5214491    
   3.66182756       6.20301247    
   4.04207993       6.15325451    
   4.11977863       14.8092470    
   2.71015453       17.5235634    
   5.07334852       5.32245445    
   3.14297605       3.33264661    
   3.74420047       11.0619259    
   16.2481918       21.1049728    
   7.18817091       1.24677694    
   19.3535309       10.3065720    
   13.3645163       3.86765504    
   2.09081936       12.6033754    
   7.92510414       5.40414047    
   6.69604635       18.9470768    
   10.0647058       5.04226351    
   11.3672171       12.2395096    
   9.78993893      0.859281540    
   19.2782288       15.3333054    
   7.24529839       7.96731567    
   9.63766003       19.6431274    
  -1.00135875       1.11054695    
   4.92768669       9.60371304    
   2.19077659       9.92792511    
   13.6972609       6.57589865    
   19.8880558       6.73666859    
   10.3952131       21.7273464    
   20.4863434       6.59265709    
   6.54809427       1.24610281    
   3.59774756       11.3797016    
   16.1611252       2.52717805    
   15.0783701       4.84544754    
  0.902371764       2.20594144    
   5.60256672       8.39902020    
   17.7373028       10.3858042    
   22.3324947       1.19481432    
   6.98733234       6.50943804    
   16.7136555       10.3656569    
   3.20321965       9.55389786    
   8.17059803       17.7349434    
   17.4235439       2.77734852    
   12.0326958       19.7374687    
   9.33802128       14.6651230    
  -1.10444403      -2.75806117    
   9.19843864       4.54452896    
   6.01187706       13.4874907    
   3.02938390       15.6466217    
   15.4976788       18.2122917    
   1.29615128       6.26684952    
  0.816045880       14.9515295    
   10.5164499       9.41016006    
   16.5404873       11.3971786    
   3.51743436       11.7561302    
   17.5408764       22.4674778    
   4.27209520       1.26586115    
   7.92664862       1.47963071    
   20.4418602       14.9801168    
 -0.209699720       19.3134632    
  0.597632647       4.71185780    
   11.0173740       4.07708359    
   5.08391380       2.82344770    
   3.97746158       18.9856434    
   10.1868572       6.94942665    
   4.57478714       10.8641205    
   4.12888575       12.0100727    
   15.1246109       13.1848068    
   5.68357277       3.32150102    
