   16.4738579       12.2942295    
   6.90404415       11.3428068    
   11.9990883       9.75392342    
   15.5204582       11.6002645    
   8.23811245       18.8650932    
   5.01064348       1.70456088    
   1.85698116       3.02190185    
   9.62472153       7.64345884    
  0.350860655      0.896016121    
   15.5372171       16.5288925    
   1.52980137       9.31985188    
   12.9375610       13.7538109    
   10.1133690       7.70679712    
   11.9844656       7.41727543    
   1.46168435      -2.02269033E-02
   2.90390730       2.18970513    
   17.3012352      0.993822753    
   5.54598999       10.9899921    
   7.30729628       18.4751358    
   16.9949722       14.0913820    
   16.1323261       2.25661182    
   13.1335602       14.0181818    
   1.08952117       2.35122800    
   8.95925808       17.1376362    
   13.9069433       18.2645550    
   8.32250404       20.2769909    
   3.09210348      0.818861663    
   1.17617249       19.2123585    
   13.6947193       5.07908058    
   12.0275183       11.5131950    
 -0.306078017       13.8347874    
   3.22294021       18.3791504    
   10.4076881       8.48198223    
   1.94753337       15.3846235    
 -0.528815150       2.13700676    
   3.53033423       18.5922756    
   17.0956974       14.1539993    
   19.3000965       1.69250035    
   8.44462681       18.6336308    
   5.37676287       18.8276749    
   9.37746048       13.1207762    
   1.89139855       1.21198857    
   8.65851498       11.6509342    
   16.3288422       15.0880003    
   13.0662527       10.8025427    
   7.25280476       3.03613472    
   3.79857183       1.87808716    
   14.6273813       1.66584373    
   9.44059944       10.5014744    
   3.08558750       4.76788139    
   9.25186539       4.80376673    
   8.24758244       5.72723293    
   2.88811994      0.103438005    
   4.61718369       19.9812775    
   9.11195850       16.1991787    
   8.34098911       15.0387459    
   7.11761332       14.3664560    
   1.00690234      0.429262429    
   15.1900768       6.34469891    
   9.82176971       14.6856642    
   12.7391663       8.07959747    
   8.57001114       17.3004837    
   9.12117863       3.50972295    
   16.0684719       12.4971771    
   16.5180626       19.2587719    
   16.5590649       6.27914572    
   2.00742459       3.66978478    
   17.6871586       16.9797287    
   9.15683460       16.0465813    
   8.67299175       18.2762280    
   3.60590839       3.46093035    
   1.80616796       11.0729189    
   15.7518816       6.89775848    
   11.2715244       10.7173891    
   16.3420486       3.29027772    
   11.1339941       18.1029396    
   19.8726864       4.05364180    
   13.8516455       6.59427691    
   7.60149574       1.81439054    
   17.6620560       12.0542240    
   4.48945475       8.08973885    
   15.3531513       19.6658268    
   3.08590555       15.2901163    
   9.84343529       18.8678226    
   3.39903665       13.8082924    
   10.0470657       10.4523191    
   1.65941659E-02   4.20245600    
   7.80697966       7.39743900    
   14.6264744       16.3854656    
   18.1945381       11.9883881    
   8.43815708       12.7572870    
   6.56960011       16.0343151    
   2.39076018       7.14098740    
   3.86984253       20.0874557    
   1.01049149       15.9769621    
   15.8058500       7.78958941    
   11.9985456      0.746955454    
   19.6588554       8.76054096    
   4.29184818       1.39351988    
   1.54653180       2.51585698    
