   17.3873749       12.0871878    
   6.32836246       12.8719721    
   10.8141747       9.89705658    
   14.7325087       14.5170116    
   8.19396782       19.7535648    
   4.85624886      0.710990310    
   1.86036110       2.28004813    
   7.94936037       8.09166050    
   1.88052034       2.45896840    
   15.0952139       15.5619545    
 -0.310093135       9.91144562    
   12.4295216       13.7659588    
   10.7490273       7.79882956    
   13.8578138       5.19355583    
   4.15323448     -0.311771750    
   3.99565363       1.06095588    
   18.3376274      0.683394551    
   5.36906576       10.7176628    
   7.22134638       19.0902386    
   16.7703495       14.4683590    
   15.0762529       3.41735005    
   14.3471460       13.7537174    
   1.45333135     -0.981959105    
   9.44575596       16.6354427    
   13.6856985       17.4168510    
   9.67705536       19.8302937    
   2.71827126     -0.142195240    
 -0.385003239       20.2389545    
   12.7442808       5.46725416    
   14.7394419       11.7483816    
 -0.684033394       13.0868483    
   2.83215785       17.5308800    
   10.8857803       9.32920456    
   2.14021206       14.5779400    
 -0.805758893       2.04491448    
   4.19307566       17.4216423    
   16.4821529       14.2263050    
   17.7507591       3.00677800    
   8.14329147       19.3165665    
   5.26549244       18.1252804    
   9.76679230       13.0542822    
   8.85157138E-02   2.84630466    
   9.29112053       13.2509604    
   17.1484127       16.0706387    
   13.3786411       10.1300888    
   7.19942141       3.86275029    
   2.32979751       1.19318068    
   15.3515673      0.852681637    
   10.7601376       10.6284037    
   2.15844870       4.18535471    
   9.54182243       5.13022089    
   10.8843298       4.95023012    
   4.67162943      0.186244145    
   3.71665144       19.9141693    
   9.64675903       14.6413174    
   6.51427984       13.6664772    
   7.97798252       14.0117626    
   2.37799096      0.860762715    
   17.3617477       6.37553978    
   10.2898607       14.9511843    
   13.3564453       7.19166994    
   8.48223782       19.4877148    
   9.72881889       5.12219429    
   16.4633789       14.0732918    
   16.0396690       19.1253910    
   15.4666901       5.03709888    
  0.137282461       2.23061490    
   19.4265957       15.3024321    
   9.36266422       16.1089439    
   7.20300627       18.2634258    
   4.44579458       3.11881089    
 -0.349193811       13.1273794    
   15.0794344       5.62887192    
   10.3944569       10.9303999    
   16.4852047       3.48374104    
   10.3180504       19.2580776    
   21.1275311       3.39428473    
   15.5352421       9.36504269    
   10.5058842       1.85573697    
   18.3621082       12.4254379    
   4.36153460       8.55804157    
   13.5904064       18.6773396    
   1.12436879       15.1718445    
   10.7892199       20.4847469    
   3.42471290       14.8023138    
   10.1200819       9.55661201    
 -0.749720931       3.15499640    
   9.17221546       7.08468246    
   11.9472666       16.8551884    
   18.5058022       13.9216204    
   9.06119919       12.4724598    
   5.56547499       15.6750956    
   3.82411695       8.64417839    
   3.28312707       20.6252956    
  0.240448520       15.6923790    
   17.1999798       8.41968536    
   10.2268038      0.207438290    
   19.1745529       8.85733986    
   4.63646650       1.90655673    
   2.44812942       3.81197214    
