   17.2389488       12.6490355    
   6.46277380       12.7784700    
   10.7469511       9.81416798    
   14.5141973       14.5096416    
   8.07270622       19.9421997    
   5.04519653      0.930516660    
   1.49243045       3.08742738    
   7.28388786       8.35445690    
   2.27026510       1.70425427    
   14.8327684       15.4465694    
  -2.87069138E-02   9.74883747    
   12.6856937       14.6007414    
   10.9929752       8.03551674    
   14.3781462       4.45777988    
   4.50633669      0.218634635    
   4.81451750       1.05911148    
   18.8635273      0.688369691    
   5.99554300       10.6428146    
   7.17824125       19.8099594    
   16.7043934       13.3680506    
   15.4328899       3.10802102    
   13.9777803       13.6009493    
   1.19006181      -1.24886179    
   9.46913528       16.9552898    
   13.7450609       17.3419590    
   9.55532074       19.6639137    
   2.47481394       4.95905802E-02
  0.263894022       19.8955460    
   12.8632936       5.32241917    
   15.0458517       12.5034828    
 -0.520390749       11.7593002    
   2.31085849       16.7944946    
   11.0401936       8.98285961    
   1.71774018       14.5993853    
  -1.39609039       2.03641725    
   3.61021471       16.8113861    
   16.7163620       13.9475870    
   17.0567207       3.03046417    
   7.89945030       19.0764160    
   5.52842665       18.5889206    
   10.0839682       13.1807508    
  0.496748269       3.16021180    
   10.2059040       12.6394176    
   16.8328304       16.5029449    
   12.9755077       10.0659294    
   6.19364595       3.46073270    
   2.04319668      0.894429982    
   15.0454168      0.740498006    
   10.8429327       10.5211639    
   3.11068249       4.32979536    
   9.69390965       4.51115608    
   10.6231289       4.27975607    
   4.67571068      0.685950220    
   3.97575188       20.2436390    
   9.15321541       15.2250395    
   6.77153254       13.8957891    
   8.06474400       14.1968498    
   1.89930928       1.59221208    
   18.1467400       6.23096561    
   10.0891752       15.1321087    
   13.7471027       7.89981270    
   8.45784283       19.2243195    
   10.1537437       4.80739450    
   16.4737644       14.3782663    
   16.2680302       19.4403191    
   15.5659389       5.57936001    
  0.920389354       1.96820557    
   19.0424137       15.9856453    
   9.43046665       16.4450512    
   7.71795464       18.9723511    
   4.93578339       3.15738177    
 -0.509879470       13.4368477    
   15.3307714       5.55811453    
   10.6241150       11.1791773    
   16.1548691       2.92757463    
   10.2967157       19.2922153    
   20.6717777       3.46159887    
   16.0368519       9.46027279    
   10.7399988       1.80358422    
   17.7786732       12.0111609    
   4.33402252       9.32539368    
   13.2761889       19.0353127    
   1.28008807       15.7082605    
   10.4794416       20.4655113    
   3.71043658       15.0012531    
   9.79011250       9.41734028    
  -1.27742982       3.21285844    
   9.24927235       7.70868826    
   12.8288403       17.2654228    
   18.2419243       13.8348761    
   9.18054962       13.0951977    
   4.92776489       16.0374298    
   4.15755749       8.75486279    
   2.87924695       20.4024925    
   1.00583088       15.2008724    
   17.1419983       8.60068989    
   9.17690468      0.727998435    
   18.1637459       8.52598286    
   4.30007458       1.85347390    
   2.58463407       4.73876286    
