   16.9844608       12.2681046    
   6.93292236       11.3684273    
   9.35472965       10.3384314    
   14.0077410       13.1473503    
   7.16205215       19.9231968    
   4.32616615       2.36417079    
   1.47174168       4.21559191    
   7.73259211       8.19898510    
   1.78823125       1.61341596    
   13.0393486       13.8696079    
   2.12908196       8.57453728    
   12.4462280       14.2363405    
   10.8692865       7.58030748    
   14.7955799       2.98277760    
   4.75429678      0.458236843    
   3.07445645      0.788908362    
   19.3861217       2.27317142    
   4.68182421       10.5946217    
   7.33123970       20.4850750    
   16.3709030       12.6644497    
   14.4595337       4.29034758    
   15.1514807       12.3076868    
   2.42248178      -1.07487142    
   9.17984104       17.1890430    
   12.9581194       19.0589447    
   9.24770737       21.2928314    
   3.20786810     -0.920492053    
  0.561008692       20.0023327    
   14.3712807       6.02371645    
   15.5515814       12.6694670    
 -0.660903513       10.8576412    
   2.35594225       16.7002869    
   11.4964151       7.46437359    
   1.79695916       15.6309633    
 -0.679551959       2.36679363    
   2.29792738       15.4464703    
   17.3223572       14.2956171    
   18.8953781       3.57582021    
   9.21425629       18.6652832    
   4.18038797       16.5978260    
   9.73099804       14.1783209    
 -0.886361003       2.54348397    
   9.31308556       13.3749342    
   16.4518452       17.0025368    
   13.0931053       9.33896732    
   4.86536789       2.75327969    
  0.612107277     -0.342446208    
   17.1878643      -1.22179174    
   10.8343458       11.6357689    
   3.39842510       5.00076914    
   10.1443920       4.11566210    
   10.0725832       3.69699240    
   6.03610229      0.331433296    
   4.94509935       19.7235279    
   8.32216740       15.0941792    
   6.92467880       14.8041611    
   7.12164402       15.5848837    
   2.63681149       2.23631930    
   17.3636417       4.84587860    
   11.1404285       14.6961889    
   15.2636814       8.41147709    
   9.07238293       18.5001698    
   11.0552845       6.08405924    
   18.2103119       14.5883827    
   17.7621975       19.7110500    
   15.1661415       6.16076803    
   2.89802814       2.26068950    
   18.2075233       15.2537909    
   9.70008659       15.2058992    
   7.86552286       19.6219978    
   5.34385633       2.57676959    
 -0.954083204       14.9094992    
   15.2517977       5.40697050    
   10.5918713       11.1450081    
   17.4492550       1.85131347    
   12.1018705       19.6079044    
   20.1809006       3.76852131    
   16.8312950       9.58388519    
   11.4954090      0.871865034    
   16.1937866       12.0424271    
   4.11762428       10.8608103    
   14.9650764       17.5592403    
   2.77219868       13.8182650    
   10.3329201       18.6960907    
   4.90544987       15.5024595    
   9.35041046       8.47590160    
  -1.72415614       2.42851520    
   9.86383438       8.01776981    
   12.9826736       17.3321629    
   17.8147945       13.9033108    
   9.75728321       13.1598635    
   5.43060112       15.1845446    
   5.50551558       9.01726913    
   4.20002794       21.2334003    
   2.15460205       16.6786766    
   16.2699375       8.31126022    
   8.18330669       1.23924506    
   17.9221764       8.62125397    
   4.97760439       1.25016987    
   2.89177227       5.06729889    
