   15.9287806       4.88506603    
   3.20633459       12.0608435    
   12.2613373       10.1897106    
   6.01292515      0.781033099    
   11.1597414       15.0264912    
   15.3370523       17.0248241    
   9.62192154       7.70864677    
   13.3027840       5.02372313    
   4.08275557       3.75632358    
   16.7480316       7.26066923    
   7.26763964       15.8420477    
   14.3912516       9.65165997    
   7.23155737       11.8600092    
   1.70237255       13.6643066    
   12.0902252       1.34359050    
   3.33290625       13.6364670    
   2.72137451       1.30208027    
   13.6443443       17.4035053    
   10.0275126       7.07235861    
   2.23580694       16.0921497    
   14.9407969       17.2084427    
   5.65383005      -1.22289932    
   14.8165016       10.6763153    
   10.9068222      0.294912428    
   6.48594189       9.07664394    
   12.0979748       2.00443673    
   9.17174816       12.1596203    
   3.98592401       10.7734146    
  0.640043557       12.1202059    
   13.2060089       15.2421846    
   17.9113197       9.20161343    
   8.14800549       7.41019392    
   13.3333616       3.94900012    
   1.53208125       11.8420162    
   2.56006670       5.60247898    
   3.13760781       6.65645742    
   4.92063904       17.3148689    
   2.87340450       19.1313343    
   6.80811596       3.11224055    
   2.65495586       1.56727099    
   4.71341228       9.65556240    
   16.9651985       20.2094250    
   5.16842937       2.90468669    
   18.1676311       9.51209545    
   13.6526861       2.97459912    
   1.40392077       14.9807577    
   9.93271160       6.43854046    
   6.04252672       19.3775864    
   10.7071981       5.08920431    
   12.1078835       10.5424347    
   7.53385496      0.513168037    
   16.6090145       14.6564255    
   8.62353706       9.45092869    
   8.22073078       18.2356243    
  -4.86025363E-02  0.754996717    
   5.56442404       8.81989002    
   2.81533885       7.71209669    
   15.0220022       7.42903709    
   19.7052650       8.62226200    
   13.0492506       19.3671513    
   17.3219910       7.88910151    
   3.78784943      0.541825294    
   2.38417101       8.10984325    
   15.9617548       3.88131809    
   14.9648781       5.66788006    
  0.343427747       2.15685654    
   4.96138906       9.67667294    
   17.6281414       12.4725351    
   19.5343285      0.378643781    
   6.26203299       5.91431952    
   15.9532995       10.1902437    
   1.76004958       9.24270535    
   9.22460365       17.1458473    
   18.3327751       3.30996251    
   13.2503939       19.5655003    
   6.87647009       12.2289295    
 -0.138899714     -0.897909284    
   10.6458035       5.81769991    
   5.61747932       15.4309139    
   1.93735671       16.7933636    
   15.3734283       18.1456203    
  0.727561295       5.79865503    
  0.831621647       12.9782639    
   12.6542015       9.27894211    
   13.4942312       8.90446281    
 -0.214935929       10.9390955    
   14.8638487       19.5410728    
   3.46797347       3.10581660    
   9.58789635       1.15439641    
   17.5650616       16.5493221    
   2.01046395       19.8459148    
  0.684796274       5.88828087    
   9.98309135       4.70771599    
   4.26647329       2.35983896    
   2.73452830       19.5485363    
   9.71480751       4.11503983    
   3.81973362       10.9423933    
   4.30588388       12.2063942    
   14.3821554       13.2636509    
   7.45692587       5.54811621    
