   17.8847561       12.6521473    
   5.41043568       11.5319004    
   10.3811531       11.1495085    
   13.6298752       12.6387291    
   7.90318155       22.3102055    
   5.60266638       1.47847009    
  0.987567961       3.40157962    
   9.42370224       7.31377220    
  0.245856225       1.39553094    
   15.1214609       14.8915367    
   1.99915457       8.62615490    
   12.3402166       14.1479282    
   9.95032406       6.58788776    
   16.2483711       3.22293305    
   5.08321667       2.30374479    
   1.39720941      0.890753925    
   18.8805313       1.58880448    
   6.17701721       10.5036802    
   6.79300308       21.2494774    
   16.0920067       11.6948471    
   15.2552586       1.93701863    
   14.8875189       12.5709639    
   1.13452876      -1.09857190    
   7.76636553       18.5100288    
   11.7777529       19.4945564    
   9.94975281       22.6652699    
   3.27147794      -1.84811997    
   1.24162591       18.8148403    
   13.8683443       5.20940113    
   15.6055651       12.4549675    
  -2.02081537       9.69854641    
  0.432976991       15.5746641    
   9.50259972       6.74990559    
   2.31379676       16.5037479    
  -1.57233024       1.87371016    
   1.85588610       14.4991207    
   17.4142094       14.3380384    
   18.8295155       2.53752708    
   7.90590763       18.4840221    
   3.67044806       18.1877995    
   9.80562973       13.0886917    
  0.151615858       4.65094376    
   10.5138979       12.0951166    
   16.9945526       15.2050714    
   14.4906940       10.3915920    
   4.47615290       1.08525634    
   3.00439112E-02  -2.01070738    
   17.5920162     -0.916788280    
   9.55017090       10.8039351    
   1.54136145       4.67100000    
   11.4463062       1.89236772    
   10.8369045       3.99909258    
   5.95143604     -0.293473452    
   3.44108200       18.8916912    
   8.35681438       16.3050671    
   6.38050032       14.2842827    
   6.94231129       15.7758160    
   1.73907566       3.14847708    
   18.6997356       4.82270002    
   9.69612217       15.1890326    
   17.2590828       8.23443127    
   8.59531975       16.9531593    
   11.9970932       1.84567416    
   18.1106873       12.1785660    
   18.0788498       18.0031109    
   13.4981318       7.80594587    
   1.55860031       4.63071299    
   19.7129917       14.8586111    
   9.08505344       14.7802553    
   9.05262947       20.2934532    
   4.15102720       1.74398077    
  -1.37014568       15.4778500    
   16.6554699       5.14761400    
   11.5925045       11.3259802    
   18.1019440      -1.01115227    
   10.7285109       17.8219604    
   20.0127106       1.87834978    
   15.0720348       9.39703465    
   10.9561415     -0.519584596    
   16.6601944       11.6776552    
   3.07518888       12.4943428    
   15.6244049       17.1097832    
   3.39562511       14.0610523    
   11.5929775       17.9404430    
   2.81011701       16.8160133    
   11.0320187       8.96361446    
  0.688934445       1.44044292    
   8.68805122       10.4537630    
   12.5485239       16.8544998    
   16.8185310       14.0219002    
   10.5953197       12.7997952    
   4.84291935       15.5421906    
   6.03168154       10.1014185    
   5.50610352       22.3072968    
   1.29248130       16.8943920    
   17.8649540       8.06502438    
   9.11095333       1.05891573    
   17.0013504       7.57318974    
   2.49081087      0.619559705    
   2.43901825       5.14159203    
