   15.2464581       5.30773783    
   2.29804325       12.8865175    
   11.7288580       9.48499489    
   5.68932533       1.40070021    
   10.8450718       14.4201269    
   14.4512844       17.5144939    
   11.9839411       6.42814493    
   12.9456301       7.42143583    
   4.93554020       3.80374432    
   17.1329708       7.05612707    
   6.95700550       15.9791813    
   15.7607412       11.2756433    
   6.96640301       11.4267302    
   3.13371205       13.3833399    
   12.0492258      0.156295523    
   1.69874132       12.8933468    
  0.786895394      0.229353175    
   13.3024263       18.3896751    
   8.88383961       7.43608046    
   2.82500958       17.4643383    
   14.1654072       18.4736481    
   6.82959652      -2.23297095    
   16.7258205       11.6009531    
   10.6150427       1.31087315    
   6.62997341       8.74216461    
   12.7073317      0.768038511    
   8.50838661       13.3708620    
   4.20906544       10.8132515    
   1.42053890       11.1154089    
   13.5334644       14.5397692    
   18.7374134       10.0301723    
   9.60876656       8.04040241    
   12.7310925       3.35465956    
  0.324756652       10.2970781    
   2.69368529       5.78953123    
   4.70321655       6.69150448    
   4.79085016       15.9221764    
   1.46715665       16.3020592    
   6.76353598       3.94052148    
   2.17292070       3.06260967    
   4.22218752       10.3694620    
   16.6671410       21.1414509    
   7.18153143       1.20297098    
   17.5970631       9.94633102    
   15.2984505       3.34841871    
   2.91127229       14.8077755    
   9.64795303       5.23490572    
   6.46618652       19.6414013    
   9.71304131       4.42991304    
   12.0897026       12.3216715    
   8.62355804      0.911108792    
   17.5378628       15.6141272    
   8.31336117       10.4559212    
   7.60460234       18.2495251    
  -1.40104520      0.136445045    
   5.28571177       8.85544205    
   2.82354474       8.66027164    
   14.4223938       7.39268494    
   20.0643673       6.57823086    
   11.3645983       20.9333477    
   20.0779324       7.79825687    
   3.72227311      0.682767928    
   1.00131464       9.94737434    
   15.5442734       3.82237959    
   15.0574083       5.65941572    
  0.755093098       1.82767320    
   4.16308975       8.69522762    
   18.1010590       12.2310982    
   20.4367027     -0.152630866    
   7.36499119       6.61768723    
   15.3041754       10.7883310    
   3.58327484       9.82760715    
   9.42171574       17.3965645    
   17.2304573       3.11738849    
   13.7188702       18.6601028    
   7.03392887       12.0575380    
   1.23329991E-02 -0.866605878    
   10.1058140       5.63302326    
   5.22171831       13.9692030    
   2.46527791       16.3866425    
   15.0163946       18.1422520    
   2.35975909       5.07773638    
  0.642605484       14.0864763    
   11.7733345       9.48520851    
   14.6256723       11.0801754    
  0.962772012       10.4863119    
   16.2279930       20.6716824    
   4.68332863       2.36965084    
   10.0669012       1.72691131    
   18.0453205       15.2291317    
 -0.638242722       19.9392033    
  0.579420447       5.41675615    
   11.6602249       4.88557959    
   4.03971577       1.44047332    
   3.69016171       17.8301754    
   11.0145092       3.57417822    
   4.94357967       10.8742952    
   5.46799469       10.7575417    
   15.6488419       14.1127768    
   5.41661882       6.05629063    
