   17.0621243       12.4255161    
   6.77843571       12.5609093    
   10.4798784       9.88896751    
   14.3845081       14.3885269    
   8.27067375       19.6942940    
   4.92160368       1.30280399    
   2.09192753       3.23526287    
   6.65165949       8.13038731    
   1.98996341       1.47526920    
   14.5250044       15.4371290    
  0.550338089       9.49432850    
   12.6330404       14.7518892    
   10.3159733       7.89640093    
   14.7118664       4.24634409    
   4.73202181      0.123471625    
   4.84580564      0.708549798    
   18.7916279      0.846140027    
   5.59222603       10.8050070    
   7.23784542       19.6000080    
   16.5162106       12.9919691    
   15.1612272       2.85336089    
   14.1888351       13.4792595    
   1.30401421     -0.684872210    
   9.30255127       16.8702278    
   13.3607368       18.0266953    
   9.67183495       20.1276131    
   2.17543983     -0.531822443    
 -0.119492665       19.5820351    
   13.4376335       5.77668715    
   15.7603598       12.5130339    
 -0.858344853       11.9197578    
   2.07383537       15.9739056    
   11.1035805       8.65214920    
   1.71988368       14.3043566    
  -1.17530048       2.53840208    
   3.55791855       16.3339024    
   16.5045815       13.6779890    
   17.5381203       2.95518780    
   7.78708172       18.8246784    
   5.68933630       18.4885120    
   10.5733299       13.3230944    
  0.756226659       2.56602931    
   10.2636709       12.8771152    
   16.3946476       16.6800709    
   12.4430389       10.6287107    
   5.63656950       3.61776257    
   1.98705578      0.946927786    
   15.1592922      0.490457326    
   11.2731428       10.8043242    
   3.47182155       3.90611172    
   9.92809963       4.94864988    
   10.3574867       4.23336983    
   4.18798447       1.08125973    
   4.26322699       20.0610313    
   9.33179951       15.5259733    
   7.11213255       13.8509045    
   7.94220734       14.5588884    
   1.90159237       2.18504572    
   18.5477829       5.68580437    
   10.6045837       15.3652201    
   13.7128115       7.74139929    
   8.26316929       19.1799374    
   10.4679031       5.21862793    
   16.4150085       15.0246143    
   15.7570944       19.2183933    
   15.0933218       5.09566212    
   1.13402021       2.73366213    
   19.1871796       16.0681801    
   9.47135162       16.0180302    
   7.59205008       19.2512989    
   4.92916918       3.15028811    
 -0.597501814       13.8014641    
   14.8417959       5.52994871    
   10.9971027       10.8387794    
   16.2976570       3.35189939    
   10.0349855       19.4842358    
   20.7400570       3.88545990    
   16.1678638       9.26047134    
   10.8159332       1.58481872    
   17.3774681       12.1968060    
   4.35857677       9.92342281    
   13.1787176       19.3220692    
   1.22266543       15.4745016    
   9.67103863       19.6771431    
   3.96497226       15.1128139    
   9.80540562       8.82523918    
  -1.46701944       3.26724815    
   8.68069267       8.16702938    
   12.8172312       17.0671692    
   18.1588821       13.7632217    
   9.20051670       13.1437769    
   5.10927963       15.9813595    
   4.10281849       8.56005669    
   2.84828091       20.6968575    
   1.38229823       15.5117359    
   17.4669571       8.29908466    
   9.54556942       1.31522918    
   18.0871468       8.54669189    
   3.96711278       1.68001866    
   2.43846130       4.99182081    
