   17.0934296       7.56576872    
   3.52153540       12.0680141    
   10.1804476       10.4728184    
   6.99500227     -0.729725301    
   8.58223534       14.0808945    
   16.9524879       15.9311695    
   12.2290545       7.61394215    
   12.6436644       9.71320438    
   8.71834373       5.66084957    
   15.2721472       4.97053432    
   5.40826893       16.1027393    
   13.7952585       11.5190344    
   7.83512115       10.9668512    
   3.70416284       15.2301579    
   12.1839962      0.660567343    
   2.11111617       13.2400713    
   1.22983027      -1.63337346E-02
   13.5922365       18.3375759    
   6.43118954       5.69291496    
   2.34167433       18.9117413    
   14.2662907       18.0641594    
   7.93389559      -5.78969903E-02
   13.9313965       12.6792936    
   8.19926357       1.79831219    
   7.80696678       10.4053688    
   10.4725208     -0.360990673    
   8.71267033       12.3326387    
   3.93256760       12.3874817    
  0.719280720       10.4316330    
   13.0754957       12.9991922    
   21.2068996       12.7478199    
   11.0594778       7.14261627    
   13.8957205       7.61516142    
  0.807538152       10.4923143    
   4.09962988       6.41562033    
   3.56053638       6.90607214    
   4.31488466       14.7940950    
   1.93365419       16.2119675    
   2.67734075       5.88105249    
   4.00223732       3.63521576    
   4.23490810       10.0098801    
   16.4958000       18.4908085    
   5.55415630       2.32029533    
   19.7927227       12.6238880    
   13.5674896       3.40298414    
   1.01422727       14.0491896    
   6.87989283       5.57859659    
   5.92688704       19.0229530    
   9.94002056       5.83873177    
   10.4936142       11.3924665    
   9.59690285       2.06345820    
   20.0653534       14.7505102    
   6.65639687       8.31355190    
   9.16290474       19.9939384    
   5.56134768E-02   1.03484476    
   6.66525269       9.36585331    
   1.52285695       13.0570040    
   12.4265633       6.47105265    
   18.6889000       6.61343527    
   11.4464121       23.8663139    
   19.6445713       6.27358532    
   6.61012268       2.40659094    
   2.87750006       10.6535940    
   15.0627108       4.26624966    
   15.0298815       5.30402851    
 -0.977916002       1.74043143    
   4.81529856       8.45812702    
   15.8598843       11.6518822    
   24.4801750       1.63643491    
   6.19357729       6.15314484    
   16.3013153       9.70347500    
   3.16192603       8.84642315    
   8.20733643       18.1594143    
   14.6656113       1.58484054    
   11.1469030       19.9057732    
   9.57880306       13.8935366    
 -0.844541371      -1.28911376    
   8.44763374       2.95117712    
   8.07292366       14.4852257    
   4.55642748       16.9829941    
   16.3450317       17.8812428    
   3.16230369       7.11691856    
 -0.230045825       15.2529364    
   11.0167542       9.57677937    
   18.3113403       10.6655512    
   2.52519035       10.8111057    
   16.2700844       22.6401806    
   7.62324619      0.634860694    
   7.55456352       1.68578982    
   20.7293587       15.0907669    
  0.495006084       20.4535179    
   1.31300342       4.53569460    
   12.4645329       4.79973507    
   3.59542274       4.04032755    
   5.29686689       20.8760624    
   8.48465729       7.45434856    
   4.86323833       12.7179041    
   3.55537248       11.3496552    
   15.9782124       12.6260557    
   3.88276005       4.41331482    
