   16.4940376       5.12536669    
   1.86200464       11.6846504    
   12.2674389       10.2396517    
   5.14188957       1.38880980    
   10.7710695       14.7877483    
   14.7737103       16.0197048    
   11.1805878       6.55385351    
   13.3218861       5.89562511    
   4.57336283       3.71741843    
   16.5289192       7.61202478    
   6.76612520       16.4279690    
   15.0125732       10.9975376    
   6.27631378       11.8495169    
   2.87162757       14.0824175    
   11.3716459      0.427662283    
   2.77241778       13.7556791    
   2.10459781       1.54930794    
   13.1652203       16.6535034    
   9.57944965       7.13182640    
   1.90099430       16.5820904    
   13.7778749       17.9544811    
   6.15735769      -1.49987304    
   16.2331085       11.8837919    
   11.0898199       1.29818225    
   7.34348440       8.97629070    
   12.6272106       2.24481177    
   8.99175835       12.6888990    
   4.66713190       10.5856962    
  0.761829317       11.7242889    
   12.8810062       15.5230398    
   19.3477936       9.36558056    
   8.13820076       7.39707851    
   12.4812641       4.17600489    
  0.222343788       11.2874165    
   3.01287055       5.37767744    
   4.62484980       7.19093990    
   4.89995241       16.3257828    
   2.19977665       18.5060005    
   7.03696108       3.58933163    
   1.86829233       1.56042469    
   5.31518030       9.54874992    
   16.5760117       21.4902878    
   5.88793898       2.69366050    
   17.7760105       9.19326115    
   14.7105007       3.00873899    
   1.31586838       14.4463081    
   9.05536747       5.59120226    
   5.82737875       19.4961052    
   10.2939100       4.43215609    
   11.7757111       10.3306265    
   7.29312754      0.199162543    
   16.5769367       14.0275831    
   7.87177420       9.92162895    
   7.34112024       18.5169334    
  -1.17071617      0.692593932    
   5.65521765       8.54190636    
   3.36640882       8.18931580    
   14.6554251       7.80651665    
   19.4791698       7.55747414    
   12.9224205       19.8142776    
   18.3212910       8.03111362    
   3.03850079       1.10192251    
   2.02158666       8.58626461    
   15.9947948       3.79948020    
   14.9470596       5.89628172    
  0.692963243       2.27815509    
   5.28011513       8.90908337    
   17.5780373       12.4455719    
   20.0419216     -0.507071614    
   7.03465080       5.39683390    
   15.1961470       10.5103321    
   2.40348864       9.05915165    
   9.05211163       17.1453590    
   19.4313984       3.04483962    
   13.2262278       18.6619892    
   5.75743198       12.1700373    
  -4.35338505E-02 -0.998198569    
   10.6956711       5.67745495    
   5.91502285       14.8379669    
   2.55792141       16.8384399    
   15.3511229       18.0628796    
   1.61850619       7.20330620    
  0.804946780       12.9725513    
   11.3614969       10.4220476    
   13.0130444       9.82741737    
   1.00179732       10.2813387    
   15.1074181       20.4950275    
   4.10988617       3.12245631    
   10.7542162       1.03746855    
   17.8775883       15.9217901    
  0.911987484       19.9981270    
  0.735914588       5.88967276    
   11.2022915       5.17910719    
   3.96210814       1.59616327    
   3.09632802       19.5221272    
   11.1276312       4.34586096    
   4.32423258       9.85147762    
   4.94560099       11.8408632    
   14.8596411       13.8911905    
   6.97629499       5.44586325    
