   16.9558907       5.88648653    
   3.02443361       12.1466169    
   11.5167570       10.8256903    
   6.33335209      0.783021450    
   9.19405270       13.8042603    
   16.1373882       16.1301136    
   12.8194084       8.19383621    
   12.9502516       7.65824413    
   9.08564091       6.14365101    
   16.9373703       5.60396051    
   5.46543646       15.5475464    
   14.5395002       11.2206621    
   7.63960505       11.6453857    
   3.56247282       13.4517603    
   11.1760607      0.430792212    
  0.906416655       12.1222353    
   1.13669944      0.435770363    
   13.9170532       18.6418800    
   7.79248762       3.98627138    
   2.49101639       18.6067524    
   13.8474855       19.8555336    
   8.16721249     -0.140350074    
   14.5302563       12.5702438    
   8.81506252       2.11558294    
   7.58055401       9.37989426    
   11.9195557      0.892376125    
   9.05358505       12.9382811    
   4.05155468       10.5480852    
   1.73796117       11.2333984    
   14.1338654       14.2309599    
   20.0648994       11.0396433    
   11.8354464       8.40488243    
   12.6312704       6.90563107    
   1.98786017E-02   11.8229656    
   3.51048350       6.14575958    
   4.00170183       7.02314949    
   4.24736834       15.0037222    
   2.22944856       17.0096798    
   4.84113789       5.50005770    
   3.45939732       3.30795717    
   4.13302326       11.0265770    
   15.9229755       20.7808514    
   8.10839176       1.75954723    
   19.5132408       10.5974121    
   13.8147612       3.24465346    
   1.71192944       13.3592510    
   8.37285328       5.41447735    
   5.73725176       19.2313995    
   9.06593037       5.35626078    
   10.7341089       12.0104027    
   9.84083366       1.52774334    
   20.1421032       16.3532963    
   7.81543016       7.63544512    
   9.71740627       19.5659313    
 -0.683950961     -0.137705758    
   6.33336830       9.84934044    
   2.26749468       11.1101103    
   13.7426672       6.80302334    
   19.3160343       7.10837603    
   11.3187943       21.7011223    
   20.5824337       6.19169664    
   5.89917850       1.26355493    
   3.60838532       11.0777960    
   16.3637733       2.23062539    
   14.3177547       5.11520386    
  0.605694592       2.81646013    
   4.97468424       9.04828167    
   17.4583321       9.64020061    
   22.6731892      0.942256272    
   8.12336636       6.42697906    
   16.5545692       9.75406170    
   2.63814735       8.67461205    
   8.50689411       18.1621933    
   15.9002342       2.85117817    
   12.2590370       19.8041267    
   8.93933010       15.0017414    
 -0.733904541      -2.84638405    
   9.30421925       4.14735222    
   5.77136469       13.9685431    
   3.19567776       15.6636667    
   15.3556433       18.7301865    
   1.59045720       6.28279543    
  0.324739665       14.8441868    
   9.93819904       8.70788670    
   16.6277142       11.8810072    
   2.72976089       11.3647680    
   17.4575253       22.6815319    
   4.79587841      0.669552505    
   7.50158310       1.29272473    
   20.7472477       14.6985912    
 -0.166880950       19.9753532    
  0.906690836       5.42626286    
   10.9962645       3.61684561    
   4.51425123       3.08165407    
   4.43176079       19.2839222    
   9.22206688       7.46609020    
   4.70745468       11.6751709    
   3.84182501       11.9803581    
   15.5180731       13.4444675    
   5.20782280       3.65414119    
