   16.0132103       4.90967941    
   3.46341276       12.3488922    
   12.3602695       9.92639065    
   5.85047865      0.832931101    
   11.0804100       14.7260561    
   15.6854982       16.9615784    
   9.59291458       7.61844540    
   13.3699493       4.81167221    
   4.27536821       4.05664396    
   16.4854031       6.96237135    
   7.06181955       15.5273314    
   14.3914585       9.67476749    
   6.91093159       11.6477365    
   2.00003886       13.3914328    
   12.3952398       1.29780209    
   3.50205803       13.5958138    
   2.71184850       1.07448947    
   13.6815844       17.5591850    
   9.93505001       6.94277716    
   2.58449292       16.1425858    
   14.7876415       17.1322117    
   5.57720232     -0.878059506    
   14.9839411       11.0109940    
   10.8314466      0.432411075    
   6.79760218       8.97803593    
   12.2319088       1.66454935    
   8.83478832       12.4367418    
   4.08219051       10.5419760    
  0.973260462       12.3217773    
   13.2451391       15.5193377    
   17.7946262       9.42888641    
   8.22186947       7.06394053    
   13.0204306       3.71820641    
   1.37754858       11.5603828    
   2.41737962       5.77015734    
   3.06501913       6.82023144    
   4.88741636       17.0517464    
   2.76849079       19.1290779    
   6.48464775       3.16118979    
   2.79271650       1.58256030    
   4.69708729       9.92609310    
   17.0397568       20.3390827    
   5.43261242       2.70832515    
   18.3506851       9.68063068    
   13.6954660       2.66202307    
   1.11538255       14.9113922    
   9.94299698       6.57750368    
   6.28745842       19.6601181    
   10.9943628       4.74158573    
   11.9688911       10.2705116    
   7.84841728      0.672063529    
   16.4221535       14.8819990    
   8.95559502       9.14612579    
   8.46418190       18.2732735    
   2.04356927E-02  0.854236960    
   5.38646555       8.59205437    
   3.02700114       8.04130840    
   15.1112032       7.47964334    
   19.7664738       8.39561367    
   13.2942600       19.6003819    
   17.6475143       7.98528814    
   3.81821299      0.534740031    
   2.28759074       8.24753284    
   15.7677755       4.03913498    
   15.2022848       5.95005989    
  0.672352672       2.48462129    
   5.05404043       9.43198204    
   17.5550518       12.1635714    
   19.5562553      0.434787422    
   6.13202095       6.00788021    
   15.6508417       10.3868494    
   2.09767008       9.55534077    
   9.02216148       17.2289715    
   18.2843132       2.97431135    
   13.3366728       19.3056564    
   7.22289419       12.0836306    
 -0.378678679     -0.946967423    
   10.4513435       5.48367167    
   5.29874992       15.3235607    
   1.85029721       16.5859070    
   15.2213135       17.9787598    
  0.780693293       5.93941975    
   1.05643177       12.9493752    
   12.5241976       9.08208179    
   13.1775389       8.86832142    
 -0.450098902       10.7414494    
   14.7391195       19.2281742    
   3.57701421       3.38104391    
   9.68107128       1.07290852    
   17.5923748       16.4528103    
   1.78987157       19.5393734    
  0.784519553       5.73244381    
   10.0243788       5.03391790    
   4.40040874       2.57243967    
   2.57996702       19.8973923    
   9.95553970       3.87131190    
   3.71328068       10.7936049    
   4.46629524       12.2027922    
   14.2602062       13.1287804    
   7.47421789       5.84085989    
