   16.9596310       11.7214394    
   6.48347330       11.7868223    
   9.81540203       10.4786482    
   14.1220016       13.4308434    
   7.31951857       20.4115696    
   4.72938681       2.31586170    
   1.79030704       4.14488316    
   6.66946554       8.90541840    
   1.92232394      0.943583965    
   13.3425808       14.4618320    
   1.17425847       8.59709167    
   12.7682819       14.3694620    
   10.1298618       8.25970173    
   15.1436224       3.87466216    
   5.06853676      0.687821388    
   3.10988688      0.782479286    
   19.0413132       1.98203957    
   5.30203485       10.6975174    
   6.92816067       20.1240120    
   16.6461487       12.8498964    
   14.5969028       3.74087977    
   14.7182388       12.2144842    
   1.99603510      -1.79472244    
   8.97360039       17.8858624    
   13.3329000       19.2024975    
   9.17976475       20.8078785    
   3.11764240      -1.03285897    
  0.397188514       19.5715122    
   13.8358097       6.15713310    
   15.2863512       13.0783587    
 -0.691761076       11.2044020    
   1.78444922       16.8998451    
   12.1687889       7.82163239    
   1.69812155       15.5744534    
 -0.523422003       2.72872686    
   2.25866055       15.5805740    
   17.1542492       14.4223223    
   18.3154163       4.12969208    
   8.80088043       19.3998680    
   4.75521421       17.1950932    
   9.92631817       13.4501171    
 -0.463100612       2.69064164    
   9.05191612       13.2280397    
   16.3555336       16.8945217    
   13.8618383       9.47362232    
   4.54784393       2.70498538    
  0.880833149      -9.26052108E-02
   16.6836376     -0.576438844    
   10.2766705       11.0827637    
   3.97950745       4.87132692    
   9.74984455       4.57752228    
   9.91327286       3.89613414    
   5.70119143      0.960241973    
   4.69481754       19.9814110    
   8.97300148       14.9708462    
   6.44187069       14.4065237    
   7.28886747       15.8627911    
   3.05587292       2.44933105    
   17.7725792       5.08862305    
   10.9096556       15.2553082    
   14.7841158       8.53396320    
   9.00500965       18.4961357    
   10.9098616       5.90071154    
   18.2341042       14.5929327    
   17.7296124       19.8528061    
   14.5563278       6.19003296    
   2.79276085       2.32756209    
   18.9375210       15.8330526    
   8.81213951       15.8562632    
   7.46221828       19.8520279    
   5.36952019       2.63192511    
 -0.855241001       14.7493544    
   15.8849974       5.93866301    
   10.3957329       11.0296240    
   17.7478886       2.58090019    
   11.5770683       19.8733311    
   20.6397152       4.02835560    
   16.7615490       9.64090729    
   11.8080807      0.963036299    
   15.8524055       12.0123158    
   4.33753395       10.5652180    
   14.7489080       17.9758263    
   2.07387972       13.6885862    
   10.7453938       18.8133507    
   4.10052347       15.9110155    
   9.45070648       8.54610443    
  -1.94379902       3.15419888    
   9.75998878       7.92519999    
   12.3472586       17.5833702    
   17.9866924       14.2577467    
   9.76247501       13.5727863    
   5.07423782       14.9967375    
   4.78344154       8.19409847    
   4.03956509       21.1611118    
   1.72259367       16.4357681    
   16.4404316       8.75866413    
   8.96616459       1.58583879    
   17.9965763       8.55991745    
   5.07636452       1.33396006    
   3.10409236       4.57219553    
