   17.8839893       12.6108923    
   6.17121649       12.5060291    
   11.0900202       9.99932671    
   15.3482428       14.1235332    
   8.20265293       19.9846497    
   5.35203409      0.701322556    
   2.20719504       2.95005250    
   8.91524982       8.56482792    
   1.25042081       2.50548863    
   15.0169630       15.6586943    
  0.496594101       9.52423382    
   12.2794428       13.5220032    
   10.0492115       8.21064091    
   13.6976185       5.62172413    
   2.83799648     -0.821093500    
   3.79295683       1.28550065    
   17.9568653      0.289326727    
   5.11436176       10.2552834    
   6.77276659       19.5352879    
   16.8929920       14.5068512    
   14.8908243       2.78585863    
   13.5435410       13.9724588    
  0.748149097      -1.01993310    
   8.95534801       17.1692276    
   13.2007370       17.6337299    
   9.31603336       20.8839302    
   2.56607032      0.218096837    
  0.125623420       20.7532482    
   13.3498611       5.01057911    
   14.1399155       11.3990555    
 -0.970072925       12.3672400    
   3.44162893       17.5411205    
   10.3216534       8.93115520    
   2.43819857       14.2184496    
 -0.575537145       2.74157047    
   4.93140745       17.1625748    
   17.2618866       14.9954491    
   18.1433697       2.21315551    
   8.28357983       19.7114849    
   4.64926863       18.3315773    
   9.69957542       12.5771723    
  0.659776270       2.92747617    
   8.81935024       13.3152390    
   17.3103886       15.9633226    
   13.2748756       10.2362700    
   7.55417776       3.63993549    
   2.75976133       1.05011594    
   15.6772156       1.04366088    
   10.6854000       10.3182011    
   1.55407429       3.92297935    
   9.47304058       4.91861916    
   11.3240738       5.77785873    
   4.01121140     -0.737943649    
   3.75264144       19.2546101    
   8.87552357       14.6634016    
   6.81839943       14.1896744    
   8.67758751       13.9204979    
   2.24510288      0.495897442    
   17.7402935       6.21867418    
   10.2766762       14.8453083    
   13.5623016       8.07304192    
   7.55913210       19.0176086    
   9.67462349       4.63802481    
   16.7378979       13.7889690    
   17.0482922       19.5130615    
   15.8263960       5.56929159    
  0.202882573       2.47826958    
   19.8973942       16.1080513    
   10.0485439       15.2740469    
   7.27289391       17.8854523    
   3.62093234       3.22362232    
  0.419122487       12.7836790    
   15.4790745       6.14803600    
   11.4207211       9.94749546    
   16.3539085       2.84709740    
   11.1050978       18.4382420    
   20.6519833       3.28361154    
   15.2755156       9.40294647    
   9.89800453       2.51181865    
   18.1909828       12.2336206    
   4.20570755       7.96714306    
   14.7389002       18.6744595    
   1.36224413       15.2901106    
   11.0162249       20.2138138    
   3.66112828       14.5937233    
   10.4311943       9.88677120    
  -1.06484807       3.16550207    
   9.16507816       6.50450659    
   12.6019821       16.5543137    
   18.7793941       13.6899548    
   9.60301113       12.9191608    
   5.67931938       16.2600422    
   4.18161631       8.40888214    
   3.33506894       21.1142654    
  0.620998800       15.9007330    
   17.1117001       8.95576191    
   9.45743561      0.838249743    
   19.3056870       8.65852165    
   3.70430493       1.83409417    
   2.29928875       4.09641266    
