   17.3472919       12.3360519    
   6.76188326       11.9036188    
   10.8646221       9.32768154    
   15.0797796       13.7346115    
   8.53000259       19.8069973    
   5.13317823      0.524109900    
   2.97391748       2.86944413    
   8.55971050       9.05448627    
   1.26335537       2.79364061    
   15.0244665       15.0775118    
   1.14275932       9.53879452    
   12.7028103       13.3634882    
   10.5321932       7.84582567    
   13.4285288       6.01758575    
   3.07309413      -1.05966830    
   3.59223104       1.37981594    
   18.2741661      0.536324084    
   5.43780184       9.73182774    
   7.39774084       19.4587002    
   16.9165134       14.1799517    
   15.2295084       2.33452415    
   12.4947767       14.1011782    
  0.953926742     -0.234441012    
   9.31361008       16.4977112    
   12.2178516       17.5706387    
   9.11781597       20.6805286    
   2.45133162      0.375313044    
  0.201208740       20.5270786    
   12.8100510       5.66338110    
   13.6686296       11.1065578    
  -1.04784942       12.1528511    
   2.75224733       17.2641754    
   9.95947933       9.27814770    
   1.91026866       15.1644526    
 -0.283627599       2.94313812    
   4.54683685       17.6816158    
   17.7297058       14.8849249    
   18.2253513       1.60568297    
   8.09327888       19.8128281    
   5.06012821       18.7769947    
   9.63088989       12.1933031    
  0.969301879       2.65842915    
   8.75004005       13.3995161    
   16.8962688       15.2967472    
   13.1527824       10.2721481    
   8.09733200       3.94563317    
   2.58102846       1.32738757    
   15.8893480      0.987699926    
   10.4309101       10.8083344    
   1.11121011       3.96576262    
   9.78653526       4.67984438    
   11.2082167       5.72889328    
   4.55908585     -0.395362526    
   3.87123537       19.8209743    
   8.03406906       14.7791109    
   7.25874138       14.8128738    
   8.36480808       13.7539406    
   1.91084993       1.11177373    
   17.8831615       6.29901266    
   10.7695742       14.5437536    
   12.9744682       7.24261713    
   6.95373058       18.6075859    
   9.13848209       4.02835655    
   16.6394272       13.5449371    
   17.1831512       19.3951645    
   16.0951920       5.80611324    
  0.354805201       2.36452270    
   19.4326172       16.6965771    
   9.26712036       16.0989361    
   7.18483257       18.0165310    
   3.09100938       2.91497397    
  0.768704534       12.8208628    
   15.3466034       6.02403545    
   11.5494242       10.5490398    
   16.3973980       3.18406367    
   10.8978386       19.0951519    
   20.2776031       3.86313486    
   15.2875948       9.42597198    
   9.26967812       2.67398262    
   17.6415443       12.1632795    
   3.34113526       7.57612514    
   14.7729368       18.1947250    
   1.34522045       16.0587463    
   10.9096594       19.4387589    
   2.64324212       14.3944321    
   9.96897984       10.1216822    
  -1.87090278       3.82967544    
   9.18085098       6.13973379    
   12.4730253       16.3116398    
   18.8841381       13.5528984    
   9.15971470       12.8656034    
   5.46282339       16.4917507    
   4.08690643       7.97070074    
   4.21287632       20.9453812    
   1.08728302       15.6863842    
   16.3965607       8.51498318    
   10.3637314      0.468457073    
   19.6745644       8.67522526    
   4.03867340       1.30689847    
   1.99618208       4.33631659    
