   18.2560711       13.1288490    
   5.86045837       10.9068747    
   10.4361477       10.5946627    
   13.5253897       12.6968164    
   7.28598404       21.2183418    
   5.69394064       1.64722610    
   1.05990875       3.94076586    
   8.88875675       7.20276546    
  0.701330125       1.00386548    
   14.8604984       14.2216730    
   3.26467705       8.56964493    
   11.8822308       14.1743231    
   10.4909916       6.76333570    
   16.0779381       3.87241721    
   4.78309965       1.49546444    
   2.43818736      0.530833423    
   18.4582100       1.79674351    
   5.63688421       11.2859030    
   7.56127310       20.1623783    
   16.9035301       12.0087204    
   16.0214787       2.49201918    
   14.2258692       12.0632639    
   1.81139731      -1.22310328    
   7.70844650       18.1583920    
   12.4412365       18.9159241    
   8.33513260       22.0947380    
   3.29192734     -0.331273496    
   1.04150712       19.1463394    
   14.2565231       6.18206406    
   16.3811092       13.3480206    
  -2.10490322       9.87561226    
  0.133604571       15.3006630    
   9.84633732       6.89183283    
   2.74366450       15.4384861    
 -0.898840070       2.38583708    
   2.57303524       15.0061836    
   17.5533447       14.1498413    
   18.0619926       3.58796811    
   8.29419518       18.2737160    
   4.54999542       17.9819298    
   9.87143517       13.6382837    
 -0.464234740       3.64091539    
   10.5658903       12.5956907    
   15.8250074       15.2661829    
   14.2566233       10.2616234    
   4.50520849       2.01739287    
  0.334579617      -1.50204635    
   16.6328812      -1.40663552    
   10.8441563       12.2011404    
   1.83028030       4.72176266    
   11.4266281       2.66760111    
   10.1044207       3.11558294    
   5.48951912       1.13672853    
   3.14557552       18.4671192    
   8.31645298       15.7321682    
   6.53544140       14.4772940    
   7.25127220       15.5835953    
   2.29958463       3.93182826    
   18.0116177       4.91974258    
   10.6649647       15.1717606    
   17.1114502       9.17693615    
   9.14677334       17.7750626    
   11.9730396       3.58014154    
   18.1351509       12.1432133    
   19.4868870       18.8654079    
   14.4072971       7.64197493    
   3.12139201       4.33139753    
   19.2536259       14.3198977    
   9.31691170       15.1570301    
   8.41714668       20.9330482    
   4.88258362       2.44168568    
  -1.77687359       15.6334448    
   16.4656925       5.34291935    
   12.9218550       12.6937733    
   17.9754410      0.453598708    
   10.9997597       19.3102951    
   19.9940052       3.08908105    
   16.0940628       9.64132309    
   11.2888536      -1.13980865    
   16.9414139       11.6408215    
   2.97930169       11.9936285    
   15.2771225       17.1072636    
   3.89847302       13.5252962    
   11.3829489       18.5054493    
   3.81374860       16.2354488    
   10.3638334       8.60447598    
 -0.309395492       1.47934699    
   8.89265633       9.96229744    
   12.3813353       17.3682117    
   16.8294601       14.2141314    
   9.54069614       13.4030533    
   5.50218725       16.3725853    
   5.64342451       10.4463129    
   4.29323435       22.8911018    
   2.72924542       16.8097973    
   16.3656254       8.56048489    
   8.81977558      0.828267038    
   17.6808281       8.47402954    
   3.30399108       1.10726881    
   2.38418508       5.06137371    
