   17.3319206       13.5156717    
   6.22678614       11.3133497    
   10.2401857       10.9159727    
   14.0229368       11.9581108    
   8.08835697       20.9303951    
   5.52522993       1.34204268    
  0.407141566       3.50066352    
   9.35105896       6.88251209    
   1.01937580       1.32263649    
   14.2590046       14.8380280    
   3.27232671       8.48831463    
   12.2541637       13.8117256    
   10.3953323       7.58563042    
   15.8737898       4.16533661    
   4.90840006       1.45946789    
   2.06553435      0.599003673    
   18.4810867       1.84455895    
   5.78932238       10.3229256    
   7.94773912       19.7367992    
   16.5566940       12.0588312    
   15.6885920       2.46271992    
   14.6585455       11.7858982    
   2.07309556      -1.31805182    
   8.59542942       18.0698967    
   12.8448372       19.1814747    
   8.52731514       22.2619476    
   3.32733536     -0.717218816    
   1.06245637       20.2443295    
   14.8447409       5.50889826    
   15.9311695       13.4168530    
  -1.88564062       9.55189323    
  0.593548775       15.8551884    
   10.6625109       7.36638832    
   2.91717768       15.9342623    
  -1.17280424       1.77357745    
   2.85436940       14.7573128    
   16.9793205       13.9135056    
   18.1585293       3.39497304    
   8.47243214       17.9895687    
   4.93248558       17.7914791    
   9.17537975       14.0646400    
 -0.645967543       2.92924213    
   10.4203625       12.7135763    
   16.2422028       16.1640816    
   13.6852312       10.5586338    
   4.87945461       2.09645081    
  0.335394323      -1.29625130    
   16.5809097      -1.81206787    
   10.8718748       12.2005873    
   2.01268220       4.31931257    
   11.4699869       2.86551285    
   10.4888220       3.76428318    
   5.68731213      0.705493629    
   3.84479618       18.5570393    
   8.80661678       15.0963211    
   6.74211740       14.4964218    
   7.55438042       15.8385534    
   2.69732285       3.67201090    
   18.3694229       5.18849993    
   11.0430632       14.6688318    
   16.9302883       9.35175991    
   9.19169903       17.6253815    
   11.1907520       3.60720587    
   18.4777699       13.1167517    
   18.7275944       19.4375496    
   14.0023642       7.19747162    
   3.58492661       3.95403814    
   19.1591606       14.2523956    
   9.71676350       15.2361546    
   7.93413210       21.2180462    
   5.12219477       1.83057022    
  -1.36862612       15.4251986    
   15.9527035       5.51119614    
   11.9365063       12.2829332    
   17.7069798       1.24544168    
   11.4776564       18.8388176    
   20.3306885       3.44041348    
   16.8034992       10.2043314    
   11.0417604     -0.983169734    
   16.7689075       11.0742121    
   3.45058560       12.0408945    
   14.8974476       17.5844002    
   3.59088659       13.0947027    
   11.3914318       18.9561653    
   4.43848991       15.5244894    
   10.6228476       8.27010155    
 -0.824109912       2.15929341    
   9.01216030       9.70111561    
   12.2168455       17.6250591    
   17.0296440       14.4633465    
   9.60023594       13.3662796    
   5.26954317       15.5262222    
   6.12088919       10.5110865    
   4.07083273       22.2560368    
   2.97837114       17.2089348    
   16.2717552       8.34317112    
   9.37598228       1.21232986    
   17.9198895       8.32787609    
   3.63432336       1.37412131    
   2.94400978       5.05105400    
