   16.9628677       12.4588842    
   7.25323343       11.7179365    
   9.20813656       9.88586426    
   13.7300758       12.7336903    
   7.19800282       20.1666374    
   4.51602077       2.03365874    
  0.941317499       3.98104119    
   8.14350224       7.77367353    
   1.29927385       1.61831164    
   13.2627954       14.5199289    
   2.27245402       8.34920502    
   12.6013203       14.0439415    
   10.9322157       8.06767178    
   14.8157997       3.33249974    
   5.32034016      0.946672440    
   2.58056331       1.22543263    
   19.3475685       1.79367959    
   5.07292795       10.4937134    
   7.40112782       20.8170433    
   16.1894588       12.4109192    
   15.0822287       3.59625077    
   15.0018644       12.3514662    
   2.37686992      -1.15715289    
   9.56229496       17.1544571    
   13.1965723       18.3770180    
   8.71899128       21.2973900    
   2.75169396      -1.03438568    
  0.845979929       20.2620449    
   14.7275620       6.00860262    
   14.9377069       13.0437365    
  -1.15279460       10.3975935    
   2.85203171       16.4706783    
   11.3782320       7.38433647    
   2.50316310       15.5209026    
 -0.977744222       1.98010802    
   2.92132545       15.3192358    
   17.1914749       14.1260843    
   19.1575050       3.75789666    
   8.56102943       18.6163120    
   4.16252661       16.7163048    
   10.2405205       13.6541920    
  -1.02513409       3.04386473    
   9.22620106       12.9488602    
   16.7070770       16.7363396    
   13.5997992       9.43306351    
   4.49986839       2.66036916    
  0.774063706     -0.223403752    
   17.5113392      -1.19096577    
   11.0222597       11.5563889    
   2.98383021       4.83840942    
   10.0782318       4.28988647    
   10.0611305       3.72521758    
   5.95404291      0.400665402    
   4.91425228       19.3759289    
   8.27857494       15.2594671    
   7.27672243       14.7736816    
   6.40147114       15.4708157    
   2.77919459       1.79232001    
   17.4648743       5.16952133    
   10.7786989       15.1321564    
   15.3862638       8.77518940    
   8.94766521       17.7381802    
   11.1104813       5.40996838    
   18.3591671       13.8968601    
   17.9701366       19.7500076    
   15.0824871       6.10491943    
   2.87224531       2.73443842    
   18.9662094       14.7957554    
   9.03164101       15.3391476    
   7.69669390       19.7602959    
   5.43229103       2.56839967    
 -0.872314155       15.4078655    
   15.7635479       4.87212849    
   11.0172729       11.6430674    
   16.9886894       1.78324282    
   12.3162060       19.0711174    
   20.1529675       3.63389683    
   17.6361179       9.64207268    
   11.3055706       3.89153734E-02
   16.5948639       11.6856461    
   4.24845791       10.5867100    
   14.8589354       17.7136250    
   2.44400287       13.5709305    
   10.8551359       18.5831203    
   4.59961557       15.9881535    
   9.71162605       8.69122696    
  -1.46954322       2.27573824    
   9.57046318       8.26214218    
   13.5302429       17.6173458    
   17.3964081       13.4530859    
   9.98570538       13.9048910    
   5.35515308       15.2917452    
   5.89434433       8.94210815    
   4.26470947       21.4515743    
   2.33167005       17.3300934    
   16.3797665       8.34515381    
   8.18729782       1.33496320    
   17.8123837       8.38392639    
   5.37769890       1.68064725    
   2.54958057       5.15216780    
