   16.1381893       12.0155144    
   6.23756647       11.3198481    
   12.1373558       9.83942795    
   15.8176403       11.5814953    
   7.64079952       18.7988338    
   4.81136560       2.36581731    
   1.48793411       2.91568446    
   9.68016243       7.44065475    
  0.291089982       1.30856609    
   15.1699238       15.7074614    
   1.53200471       8.85832691    
   13.2677898       13.4139643    
   10.0179605       7.26898718    
   11.9212046       7.08111143    
   1.50522792      0.415157437    
   3.46654272       2.46218348    
   16.9033508       1.43869650    
   5.59092903       11.1768398    
   6.94133568       18.5568485    
   17.0240555       14.2907124    
   16.4691982       2.22339988    
   13.8914852       14.3493013    
  0.771703839       2.16999722    
   8.96083355       17.1556702    
   14.5489531       18.2654591    
   8.17655373       19.6742668    
   3.22013760      0.388864785    
   1.56240964       19.4369125    
   14.0647268       5.19901514    
   11.7421284       10.8138208    
 -0.353596210       13.3821335    
   3.21308208       18.2198601    
   10.2330751       8.56413651    
   1.42548919       15.8816462    
 -0.354454637       1.79398429    
   4.26057005       17.8978367    
   17.5888271       13.9518433    
   19.4499416       1.75225186    
   8.55466461       18.3668652    
   5.71966457       18.7708492    
   9.48447514       12.9923296    
   1.57887590       1.04960966    
   8.90128326       12.0028133    
   16.3853493       14.8720522    
   13.2216425       10.6314564    
   6.69084454       2.58331871    
   3.14233637       2.41185594    
   14.4171095       1.83010161    
   9.17417240       10.2678766    
   2.84755039       4.89266586    
   9.01358128       4.51850224    
   8.47126293       5.27151251    
   3.44689226      0.530135632    
   4.34577131       20.5060387    
   9.23427486       15.7329674    
   8.79717827       14.3919601    
   7.40032291       14.7510433    
  0.973965764      0.682334423    
   15.5214634       5.95996714    
   9.78072357       15.2311211    
   12.3532715       8.22870064    
   9.09733105       17.1670628    
   9.10574055       4.12587118    
   16.0175343       12.2973804    
   16.2874146       18.9674816    
   16.8054581       6.60127020    
   2.48999500       3.02808046    
   17.6770306       17.2892838    
   8.86340427       15.8663235    
   8.83521461       18.5957699    
   3.62624288       2.91793919    
   1.22197604       11.6110868    
   15.8915148       6.87424898    
   11.1711512       11.2011585    
   16.3158264       3.67827964    
   11.1033316       18.4512463    
   19.2749367       3.99214387    
   13.9039173       6.40831709    
   8.21808338       2.11297131    
   17.8745308       12.4616966    
   5.08772421       7.77365255    
   15.4247637       19.5964794    
   3.17580128       14.4194508    
   8.87863731       18.6959133    
   3.03820562       13.8419943    
   10.0997438       11.0164165    
  0.733511686       3.78056502    
   7.02928638       7.53690434    
   14.4039650       16.4659882    
   18.6366520       11.9602547    
   8.12775421       12.5319796    
   7.00040960       15.7021627    
   2.75316834       7.05986834    
   4.33185148       19.6134682    
   1.70742178       15.5919714    
   15.6288443       7.66222048    
   11.6917772      0.778207302    
   19.7040310       8.92994595    
   4.45349646      0.780945659    
   1.29137182       2.94399428    
