   16.5613251       5.09273911    
   2.08565664       12.8579445    
   12.7504578       10.0958862    
   5.14579010       1.38067091    
   10.6777773       14.2208443    
   15.3206100       16.2824612    
   11.3100700       6.11014795    
   12.9496145       5.94187498    
   4.39139128       3.87010741    
   16.8571548       7.64497328    
   7.10784769       16.6914482    
   15.7427635       10.6192293    
   6.80663824       12.0316343    
   3.02356529       13.6818237    
   11.4838495      0.464348793    
   2.60916805       14.0967588    
   1.72703409       1.40267730    
   13.6517878       16.2871017    
   9.65191841       6.91581964    
   2.08635449       17.0124207    
   13.7213802       17.2125626    
   6.27048969      -1.16224706    
   16.8442669       11.7974424    
   11.0439863       1.62902439    
   6.95428753       8.99878693    
   12.4095974       1.76139605    
   8.67688179       12.8397741    
   4.40592051       11.0602512    
  0.792446673       11.9191923    
   13.2101116       15.6338377    
   19.9168949       9.45074749    
   8.91322613       7.35061502    
   13.1716366       4.12453318    
  0.519013345       10.6294756    
   3.05184221       5.03555202    
   4.77945566       6.54450989    
   4.98568439       15.6889372    
   2.36312938       17.8273258    
   6.57910728       3.54880524    
   1.30685508       1.88362634    
   4.66544819       9.40931129    
   16.5947094       21.9335613    
   6.35053349       2.25725198    
   17.9151993       9.28905773    
   15.0369015       3.10478330    
   1.70747292       14.4521017    
   9.20045948       5.97294092    
   5.59299564       19.5510349    
   10.1917744       4.66259861    
   11.2433043       10.4417744    
   7.81789446      0.197252899    
   16.4700279       14.4352989    
   7.34222174       9.92594528    
   7.60202074       18.2106304    
  -1.81836009       6.12090752E-02
   5.59058809       8.45831585    
   3.42171097       8.63481617    
   14.4168892       7.69636154    
   19.8145752       7.37071991    
   12.8640461       20.4328384    
   18.8193169       8.00533390    
   3.37922955      0.829239190    
   1.59118307       8.94533825    
   15.4818048       4.16264057    
   15.2172394       5.63739920    
  0.337145180       2.86945319    
   5.19287872       9.36862659    
   18.1647682       11.9115524    
   19.9782982     -0.634207547    
   7.05217648       5.70687294    
   15.8213205       9.90667439    
   2.76848865       9.56620312    
   9.20539284       17.2543373    
   18.4168701       3.04914570    
   13.6601248       19.1476955    
   6.32351780       12.2142696    
  0.328838915      -1.30341411    
   10.5747633       5.62862110    
   5.59447861       14.7564888    
   2.51122975       16.8116131    
   14.6233501       18.2574654    
   2.34242630       7.14520264    
   1.30815792       13.4808331    
   11.0507984       9.89181042    
   13.4528990       9.84759998    
  0.287006289       10.1792946    
   15.2741957       19.9639950    
   4.14995384       2.71644640    
   10.4736567       1.50392771    
   18.0112514       15.5982590    
   7.37544894E-02   20.0586853    
 -0.163615704       5.21311903    
   11.2474566       4.48978710    
   4.21899509       2.29107428    
   3.06858683       18.4973946    
   11.4422464       3.54124260    
   4.75597191       10.1358948    
   5.33657503       11.3562298    
   15.5457315       14.1443672    
   6.02619743       5.94359016    
