   17.3931065       11.9819078    
   6.31322670       11.8319292    
   10.6244583       9.80280590    
   13.8710785       13.7266912    
   7.60035276       20.1280479    
   4.56809950       2.16548538    
   2.35900497       3.55753660    
   6.66125870       8.19621086    
   1.96742129      0.489374697    
   13.8799124       15.0592136    
   1.30590892       9.45892525    
   12.7515459       15.2586746    
   10.9218111       8.71891594    
   14.9022303       4.31484985    
   4.89295387      0.786660969    
   3.32149076       1.14249158    
   19.2142887       1.72645009    
   5.29086685       10.4069433    
   7.39212513       19.5974064    
   16.9840546       13.2540293    
   14.5284805       3.49417424    
   15.1107588       12.6828308    
   1.31259251      -1.23800361    
   9.51309299       16.8743668    
   13.3067179       18.7430153    
   9.25947952       20.5439548    
   2.93154383     -0.553046465    
   6.54625446E-02   20.1038361    
   13.2311869       6.52717686    
   15.9070759       13.0419397    
 -0.175207496       11.5226278    
   1.85428023       16.0111313    
   12.2907400       7.90683413    
   1.88486254       15.3708439    
 -0.757693887       1.77770007    
   2.92395258       16.3875179    
   16.4733887       14.3142166    
   17.9209690       4.05777264    
   8.49293804       19.2781944    
   4.46063852       17.9528694    
   9.84493065       13.7155256    
  0.231540948       2.86548138    
   9.44976044       13.6127634    
   16.5730743       16.8658142    
   13.5115557       10.4595213    
   4.84234571       3.64818954    
  0.834635675      -1.27663780E-02
   16.4917679      0.496529579    
   10.6112404       11.0592461    
   3.80489302       4.55370617    
   10.2652311       4.94666290    
   10.1028233       3.80845666    
   4.71899939       1.13151848    
   4.08991289       19.8147888    
   9.45489025       15.6678486    
   6.86640644       14.3731108    
   7.38345337       15.3356485    
   2.36567760       2.21614766    
   18.3542557       4.83276463    
   10.4668760       15.1170912    
   14.6397057       8.15963554    
   7.91667557       18.1287212    
   11.4735708       6.06294346    
   17.1332684       14.7832766    
   16.4610291       18.8089237    
   14.1268024       5.61672926    
   2.58504009       1.88046885    
   18.1417751       16.1712265    
   9.65352440       16.1006966    
   7.92744732       20.0090771    
   4.87304831       2.56224251    
 -0.748873889       14.2201777    
   15.3677301       5.87752867    
   9.84636688       11.2578545    
   16.4579220       2.81562328    
   10.4834127       19.8964043    
   20.4756165       3.86486745    
   16.4580841       8.99774742    
   11.4993486       1.18395340    
   16.9001484       11.9652615    
   4.77568531       10.2477465    
   14.5776062       18.3401165    
   1.34250939       14.7782021    
   9.83214569       19.1565628    
   3.60913277       15.7327204    
   9.32808208       9.33064365    
  -1.48038065       2.96737027    
   9.55485344       7.31648493    
   11.9824018       17.5318089    
   18.1748486       14.0602016    
   8.85597706       12.8271761    
   4.62780714       15.6511431    
   4.85224438       8.55210209    
   2.88716197       20.8558102    
   1.26195061       16.0684624    
   16.6874943       8.85115147    
   9.18599224      0.712085485    
   17.2063675       8.78285503    
   5.01122522       1.96198952    
   2.56684566       4.69661903    
