   16.3093586       5.15665102    
   2.52658534       11.9426022    
   12.6911354       10.5165424    
   5.22342920       1.40624535    
   10.5020313       15.1794548    
   15.1278000       15.8120499    
   10.9003935       6.73617411    
   12.5512762       5.61186028    
   4.49932098       3.75161910    
   16.5641766       7.07998085    
   6.78691292       16.2995720    
   14.8571777       10.6283903    
   5.77570868       11.9094839    
   2.81469917       13.8840313    
   11.3840990      0.658880711    
   3.06252408       13.4957829    
   2.73780251      0.990215957    
   13.5810251       16.8296967    
   9.98832989       7.15421438    
   2.28234601       16.6415062    
   14.2682505       17.4980259    
   6.46465588      -1.36893260    
   15.9590578       11.5952682    
   10.4925127      0.886122823    
   7.08348608       8.97521496    
   12.9157925       1.74166405    
   8.97352695       12.7213221    
   4.23178196       10.7316942    
   1.02328503       12.2863064    
   13.0490828       16.0359020    
   18.6292877       9.18808556    
   8.02839184       7.56374645    
   12.7227964       4.06731176    
   1.15632486       11.3263779    
   2.54000831       5.29138565    
   3.95380712       6.92082071    
   5.33038759       16.6699524    
   2.01006603       18.6809902    
   6.62528515       3.43703866    
   1.65469694      0.717806876    
   5.23279142       9.70870590    
   16.0471516       21.0063267    
   6.15611982       2.50218129    
   18.0623074       8.53364944    
   14.3996449       2.59516001    
   1.42900813       14.2493887    
   9.32811642       5.88666105    
   6.64533663       19.4492416    
   10.8439035       4.85687065    
   11.6655140       10.0696363    
   7.52731800      0.248912930    
   16.3955727       14.4632988    
   8.15981960       9.49863338    
   7.67871857       18.6701889    
 -0.414707333      0.612878144    
   5.16999245       8.22183990    
   3.46626616       8.07309818    
   15.0520716       8.11799431    
   19.3888779       7.55408144    
   12.9079142       19.4450607    
   18.0052891       7.89261246    
   3.22149253      0.850765765    
   2.03563571       8.49995327    
   15.7615404       4.17790461    
   15.2795744       6.07838774    
  0.977311671       2.06855035    
   5.42276382       9.19945908    
   17.2110405       11.9586296    
   20.2020016     -0.253310174    
   6.45369625       5.52992916    
   14.6849165       10.1915331    
   2.49718046       9.56894779    
   9.09310913       16.6452637    
   19.1207886       3.02079797    
   13.1050673       18.6633396    
   6.64111805       12.5056458    
 -0.164599493     -0.846726596    
   10.5586815       5.18263435    
   5.45151806       14.6834106    
   2.44930840       17.0220146    
   15.4174042       18.1136417    
   1.19072533       6.80699444    
  0.387033790       12.8961878    
   11.8899069       9.67230701    
   13.0628099       9.46421432    
  0.251568377       10.3647137    
   15.2804470       20.4527607    
   3.59998918       3.39184022    
   10.1644917       1.18716609    
   17.6238098       15.6896687    
  0.981721222       20.3703403    
  0.390452385       5.88770103    
   11.2371407       5.10710335    
   3.72935462       1.72328269    
   2.86857724       19.4120846    
   10.9353352       4.28700638    
   4.05033207       10.1099758    
   4.71538305       11.9709396    
   14.5631237       13.2999611    
   6.99291611       5.03190041    
