   16.6218719       12.3386478    
   6.30591249       12.9256334    
   10.6437883       10.1974115    
   14.8220119       14.4625874    
   8.15785313       19.7098961    
   4.60230064      0.844493210    
   1.28013599       2.56650186    
   7.75966215       8.77805042    
   2.25583577       1.94087327    
   15.0678940       15.4383774    
 -0.177481115       9.74784470    
   12.8665237       14.5628300    
   10.8068628       8.00480652    
   13.7680893       4.69043589    
   4.36373901     -0.158625931    
   4.74378538      0.585934818    
   18.8411484      0.766435027    
   5.92823362       11.1198874    
   7.28999186       19.4247074    
   17.0515308       13.8364344    
   15.2008476       3.55325580    
   13.7160177       13.4708309    
   1.44288957     -0.887448668    
   9.63541508       17.1614628    
   13.9321022       16.7877846    
   9.25500965       20.0814323    
   2.06515956     -0.147631004    
  0.105495356       19.9795189    
   12.2818241       5.29214621    
   15.0843801       12.6191902    
 -0.553175807       12.3606071    
   2.95318222       17.1953239    
   10.9190874       8.97061443    
   2.31270027       14.5848064    
  -1.54901731       2.33560395    
   3.68238521       17.1024265    
   16.5147629       14.1617632    
   17.0508919       3.05004597    
   8.25678730       19.3268890    
   5.88044024       18.4125786    
   10.0937824       12.8988113    
  0.194219872       2.74383545    
   9.63335419       13.2263975    
   17.1772041       16.5256901    
   13.0487385       10.2197504    
   6.57354259       3.61300826    
   1.81409144      0.813235939    
   15.3361635      0.485390604    
   10.8234901       10.7071495    
   2.55948734       4.12213802    
   9.90530491       4.49663496    
   11.0762911       4.47210741    
   5.02119446      0.524740517    
   3.75767469       20.1691914    
   9.47679234       14.7565794    
   6.47930622       13.5017786    
   8.21749401       14.0446758    
   2.04989314      0.978622973    
   18.1470242       6.06293535    
   10.1211443       14.9409275    
   13.8647299       7.58108187    
   8.17283630       19.1843548    
   9.93652725       5.11793423    
   16.1672649       14.0339470    
   16.0991306       19.6170578    
   15.6803389       5.54349279    
  0.589099407       2.03511119    
   19.6628780       15.6644897    
   8.95692062       16.7356262    
   7.35493326       19.1380501    
   4.54366493       3.03948283    
 -0.281254113       13.1260033    
   15.3698139       5.94574690    
   10.5195704       11.3628855    
   16.6318474       2.93565631    
   10.2522306       18.6800842    
   21.0531769       3.11021805    
   16.0323944       9.13744068    
   10.1447144       1.45965934    
   17.9369221       11.6854153    
   4.24243593       9.03953648    
   13.5502138       18.9771423    
   1.53164303       15.3864079    
   10.9123859       20.3056431    
   3.74780750       14.8713036    
   9.90716362       9.53661633    
  -1.24972761       3.42167902    
   9.38032246       7.43606663    
   12.6361294       17.3933296    
   18.1951332       13.8014679    
   9.03250885       12.7570553    
   5.27296638       15.8796530    
   3.54745889       8.49731159    
   3.11565590       20.3142548    
  0.741798401       15.6083727    
   16.8738632       8.47862816    
   9.75101852      0.402737111    
   18.6542187       8.11811829    
   4.72582722       1.84581029    
   2.36918926       4.52046585    
