   16.9004955       12.5462980    
   6.64736462       12.9782972    
   10.7311144       10.1620598    
   14.7626095       14.4541988    
   7.92455387       19.6562729    
   4.83496714      0.726790488    
   1.34011590       2.89060545    
   7.43707991       8.47732353    
   2.44556975       1.96256793    
   15.0557060       15.3459663    
 -0.207198113       9.93445969    
   13.0225525       14.5376577    
   11.1546278       7.69241333    
   14.1118126       4.59567499    
   4.70628738      -1.40003534E-03
   4.72663164      0.816053092    
   18.6313362      0.755677164    
   5.81577682       10.9776039    
   7.13436365       19.5966187    
   16.9409943       13.5665932    
   15.3582783       3.41306043    
   13.7773790       13.6879768    
   1.38601255     -0.964419544    
   9.79530048       17.2695637    
   13.6476679       16.9981709    
   9.42853737       19.9475098    
   2.38419724     -0.115884736    
   8.36188570E-02   20.0509434    
   12.5309010       5.48286867    
   15.0748615       12.4212761    
 -0.496045828       12.0581799    
   2.64368558       17.1398888    
   11.0778513       8.95285892    
   1.96680903       14.8563118    
  -1.35937011       2.33290792    
   3.47624898       16.9084110    
   16.6573734       14.0945129    
   16.9662018       2.75821948    
   8.24550438       19.0579376    
   5.60528564       18.2841644    
   10.2539968       13.1249199    
  0.259763807       2.90370226    
   9.94943142       12.8925524    
   16.8539925       16.8197365    
   12.9791307       10.0766468    
   6.46903563       3.46866965    
   1.98121381       1.02654803    
   15.0534391      0.709812999    
   10.9776249       10.4045630    
   2.89649081       4.27387667    
   9.73212910       4.17227173    
   10.8877850       4.47013903    
   4.85985565      0.609571040    
   3.80945182       20.3222313    
   9.21828938       14.9158773    
   6.51048660       13.5852041    
   8.07905293       13.8932953    
   2.02088380       1.31507444    
   17.8369102       6.36822891    
   10.4087849       15.2359715    
   13.8735676       7.57046223    
   8.14291668       19.1096077    
   10.0114574       4.96125555    
   16.3670807       14.3565149    
   16.1122131       19.7039948    
   15.5621614       5.27610636    
  0.699989319       1.89296603    
   19.3335896       16.0030308    
   9.12129688       16.6743717    
   7.57831001       18.7939205    
   4.81125212       3.11682057    
 -0.532422006       13.3390827    
   15.1781960       5.84495735    
   10.3132610       11.0675611    
   16.4791317       2.89232540    
   10.2970161       18.9540634    
   20.8595600       3.30550504    
   16.0956516       9.33727646    
   10.4845438       1.46740329    
   17.6215820       11.9039087    
   4.02887678       9.24849510    
   13.4551935       19.1254196    
   1.42992294       15.4891787    
   10.7694502       20.3571224    
   3.85651898       15.1146469    
   9.64726830       9.18870163    
  -1.14032400       3.29157519    
   9.33571148       7.61681890    
   12.5292912       17.4651012    
   18.1331558       14.1264381    
   9.19934273       12.7587671    
   4.97815371       16.0206089    
   3.81861949       8.77990818    
   2.97165799       20.3303776    
   1.04839790       15.3469601    
   16.7985821       8.36532307    
   9.50962353      0.384337455    
   18.4346752       8.38831520    
   4.62544632       2.06844854    
   2.42320991       4.62041903    
