   15.9731340       12.0601330    
   5.93946409       11.2102385    
   12.1557541       9.63415146    
   16.1630363       11.8468151    
   7.64874268       19.1306705    
   4.56190014       2.16086507    
   1.49585760       2.62439537    
   9.89055347       7.23979664    
  0.408013314       1.11729896    
   15.2722025       15.9185190    
   1.58266270       9.09643841    
   13.2850943       13.3426771    
   10.3477087       7.46247292    
   11.7895451       6.93185997    
   1.82041061      0.607928932    
   3.43085957       2.15742183    
   16.7249527       1.66346288    
   5.33954430       10.9765167    
   6.78096724       18.3312836    
   17.2350521       14.1166639    
   16.7495117       2.31614017    
   14.1302166       14.1279135    
   1.01362705       2.09499931    
   8.85507107       17.4301929    
   14.3727131       18.0256767    
   8.11027908       19.4079094    
   3.36431837       5.43586016E-02
   1.73437333       19.4798241    
   13.8992376       5.17016602    
   11.6959648       11.1156292    
 -0.325297803       13.1170607    
   3.08693767       18.3609867    
   10.0149164       8.79924965    
   1.38862216       15.8744202    
 -0.181281567       1.44727588    
   4.43688583       18.0581284    
   17.3375301       14.0512629    
   19.3526535       1.41189039    
   8.44502354       18.0939713    
   5.65731859       19.0223751    
   9.48328304       13.1251440    
   1.92036045       1.14256120    
   8.96476460       12.0290461    
   16.6527233       15.1269264    
   13.3140850       10.7238579    
   6.57032204       2.30983281    
   2.96942735       2.49899364    
   14.3457823       1.87443030    
   8.90884209       10.5162535    
   2.55683947       4.68695211    
   9.31940079       4.24743176    
   8.38700867       5.21234226    
   3.33584499      0.357154429    
   4.52605009       20.3777561    
   9.51315117       16.0300369    
   8.85645580       14.5201416    
   7.56042099       14.8917198    
  0.949725330      0.832811594    
   15.7441292       6.00793982    
   9.45082664       15.3726864    
   12.2869349       8.20124912    
   8.84389400       16.8983364    
   9.23185253       4.02202892    
   15.9014940       12.3288240    
   16.3167057       18.8304176    
   16.7553749       6.56339216    
   2.26936078       2.77660728    
   17.6643848       17.4880238    
   9.16880608       15.8358221    
   8.51299572       18.2666092    
   3.55867815       2.64004302    
  0.933286428       11.8486748    
   15.8355932       6.93124008    
   10.9651213       11.4070625    
   16.4880371       3.86591721    
   11.3809233       18.2127228    
   19.1665268       3.80908418    
   13.7556105       6.21462440    
   7.94611025       2.20005298    
   17.5632610       12.4269638    
   5.32703972       8.04201126    
   15.2537584       19.6049061    
   2.96829987       14.1141586    
   9.10708046       18.6301689    
   2.80964422       14.0109167    
   10.1171112       10.8849077    
  0.484021217       3.58451724    
   7.15404749       7.53618145    
   14.3970203       16.5231266    
   18.4565220       11.9557457    
   8.12930679       12.4335108    
   6.83542538       15.4850731    
   2.79223919       7.32919216    
   4.10389376       19.4487228    
   1.83511579       15.8310966    
   15.8495293       7.53642797    
   11.6022902      0.471303582    
   19.9384251       9.20706558    
   4.18731260      0.916637778    
   1.61513603       2.73711562    
