   17.3321915       11.9624968    
   6.45577049       12.4520597    
   10.4897614       9.63740921    
   13.7080603       14.5114460    
   8.43708706       19.6433525    
   5.14416027       1.96178615    
   2.08458924       3.10639715    
   6.35146999       8.42693043    
   1.68521774      0.579645455    
   14.1553459       14.9748945    
   1.34586585       9.51503468    
   12.6440907       15.0364847    
   10.6292648       8.56110859    
   14.6226063       4.76384687    
   4.92619085      0.680488765    
   3.89736819       1.30541074    
   19.2871704       1.71286726    
   5.56662130       10.7372971    
   7.55405092       19.3445034    
   17.0351181       12.9885836    
   14.6535635       3.95448446    
   14.7099905       12.9795580    
   1.39818740      -1.31416166    
   9.21893883       16.8260117    
   13.6963358       18.3320827    
   9.55893803       20.3330402    
   2.97899485     -0.852201819    
 -0.499945134       19.8092499    
   13.2016907       6.57875633    
   15.5145674       12.9837666    
 -0.261593401       12.4787397    
   1.80291522       15.8651714    
   11.5636358       8.42203712    
   2.22589493       14.8263350    
  -1.37724376       1.85904813    
   3.09604573       15.8863754    
   16.8338661       14.3183851    
   17.5246849       3.50365543    
   8.20700169       18.5450344    
   4.83672237       17.7441006    
   10.0806799       13.2003365    
  0.285307914       2.43417454    
   9.27626419       13.6239977    
   16.3189659       17.1429310    
   13.0258818       10.4378576    
   4.88381433       4.23710537    
   1.62328744      0.615217030    
   16.0414371      0.244931579    
   10.9273252       11.3347673    
   3.48561645       4.32717276    
   10.1608000       4.94586372    
   10.0689535       3.86026406    
   4.27106190       1.28342509    
   4.06113100       19.8456917    
   8.84634781       15.4503651    
   7.41269350       14.2037430    
   7.54393721       15.0703211    
   1.84923363       2.62882638    
   18.2550545       5.19547987    
   10.7013121       15.1746273    
   14.2705984       7.78703117    
   7.56817389       18.5995026    
   10.8668795       5.61611795    
   17.1799068       14.7941866    
   15.7821531       18.7525444    
   14.6563072       5.90131187    
   2.03501964       2.18395519    
   18.7221966       15.3507042    
   9.46904755       16.6239204    
   7.43676901       19.7822323    
   4.53071356       2.85466480    
 -0.779398441       13.7880898    
   15.4241590       5.83987761    
   10.2300529       11.0955143    
   16.1686420       3.33239746    
   10.1957722       19.5638924    
   20.8126831       3.77011991    
   16.2146473       9.23515320    
   11.2399254       1.42377365    
   16.9242725       11.9780178    
   4.89615536       10.1315279    
   14.0948610       19.0376244    
  0.968270361       14.5989342    
   10.0909042       19.3309650    
   3.79535532       15.0076189    
   9.35062027       9.69687462    
  -1.68665361       3.16080689    
   9.45701790       7.06747866    
   12.2927799       17.2609501    
   18.3190670       14.0776062    
   9.41349792       12.9602404    
   4.73990583       15.7174149    
   4.62509823       8.24456978    
   2.67080569       20.8885174    
   2.08707976       15.8119392    
   17.2093105       8.56948185    
   9.04641151      0.895780921    
   17.5465679       8.59959698    
   4.51528740       1.93456292    
   2.71424341       4.86365747    
