   17.3366261       12.5508223    
   7.67373991       11.9414215    
   9.43504620       9.85664463    
   13.2685366       12.4670429    
   7.33411455       20.3402214    
   5.01362848       1.97998035    
  0.625044107       4.05911207    
   8.13798523       7.66815329    
   1.26740062       1.70780671    
   13.4833336       14.9069233    
   2.02539515       8.67154312    
   12.4762344       13.9922705    
   11.1382666       7.75847292    
   14.8141232       3.33665729    
   5.25932312      0.642591655    
   1.97921395      0.771500051    
   19.5506363       2.12386346    
   5.03742838       10.1449785    
   7.67982912       20.5264320    
   15.5940847       12.5367241    
   14.8014774       3.27214074    
   14.9679995       12.1958447    
   2.38223648      -1.33049750    
   9.74889469       17.1694088    
   13.0940504       18.7580280    
   8.74886703       20.8854580    
   2.93462062      -1.32890296    
   1.25773191       20.3843517    
   14.8256550       6.29999113    
   15.4915981       12.7937870    
  -1.84462702       10.6218615    
   2.67301869       16.0199814    
   11.3043699       7.57462978    
   2.95555234       15.4627466    
  -1.22734702       1.85439265    
   2.81214714       15.3465452    
   17.0911121       14.0743141    
   18.9574108       3.96906757    
   8.29393387       18.5833435    
   4.74180555       17.0583477    
   10.0522432       13.6737909    
  -1.14871728       3.43050957    
   8.94041634       12.8780775    
   17.1440182       16.2154007    
   13.5064154       9.36981297    
   4.32370853       2.43405056    
  0.397849768     -0.181131467    
   16.9482841      -1.41815233    
   10.5647888       11.9869080    
   2.55501723       4.93904018    
   10.0277195       4.18702555    
   9.74868298       3.78359509    
   5.51965427      0.525057673    
   4.34466743       19.0325260    
   8.17057228       14.9551907    
   7.06398153       14.6963024    
   6.39007330       15.6482706    
   2.45014358       2.35620451    
   17.4173183       4.64172077    
   11.0115051       15.3352594    
   15.4598589       8.91933727    
   8.42496109       18.3345757    
   11.0892534       4.76704741    
   18.3234825       13.7877846    
   17.8024979       19.6066456    
   14.6129303       6.36120749    
   2.79556537       2.59785008    
   19.2230186       15.2532005    
   8.93564987       14.7133665    
   7.93418884       20.2001514    
   5.60950661       2.13635516    
  -1.06501532       15.3680744    
   15.2156544       5.14170504    
   11.0728073       11.4361849    
   17.0434189       1.27609956    
   11.9449530       19.0562229    
   20.1362324       3.93857336    
   17.7310543       10.0473433    
   10.8596649     -0.331814080    
   16.7730770       11.3173904    
   3.67117190       11.1243448    
   14.8745995       17.8001518    
   2.59321737       13.1510820    
   10.5572920       18.4861145    
   4.58815050       15.6604948    
   10.1266413       8.99878120    
  -1.53939056       2.10726166    
   9.14574718       8.18398476    
   13.2342367       17.1713696    
   17.1494904       13.5547533    
   10.3785048       13.5348902    
   5.33576202       15.4428387    
   5.83202362       8.63155556    
   3.86361217       21.6740456    
   2.49530244       16.8645020    
   16.6828690       8.62766933    
   8.08803463       1.35973680    
   17.9992256       8.64878654    
   4.94936752       1.44517088    
   2.62728000       5.04635239    
