   16.2311687       4.87784100    
   2.43724608       12.5067739    
   12.5969419       9.86149788    
   4.65740013       1.57706475    
   10.6829681       14.1415873    
   15.0110550       16.5606174    
   11.6893759       5.69259596    
   13.3012400       6.62246561    
   4.70148134       3.57103252    
   16.7487583       6.83042574    
   6.53039217       16.7075748    
   15.5565910       11.0477571    
   7.10870552       11.6830473    
   3.36758423       13.4618301    
   12.0570812     -0.147693172    
   2.40237236       13.4651623    
   1.82801378       1.28591430    
   13.2587137       16.9228096    
   10.1394205       7.39494658    
   2.30609322       16.8976440    
   14.0189409       17.9829559    
   6.50283432      -1.42769444    
   16.6107693       11.9504766    
   10.2864676       1.74590480    
   7.52841711       8.91538429    
   12.0317516       1.08939064    
   7.95586205       12.2742281    
   4.81223297       11.2416706    
   1.09605789       11.8716030    
   13.3159142       15.1169920    
   19.4705563       9.51076221    
   9.23645496       7.49287176    
   12.6735334       4.87826157    
  0.502209127       10.6155405    
   2.80389261       5.03444242    
   4.16780043       6.80921268    
   5.08403969       15.9951487    
   2.24560428       17.2680321    
   6.51233006       3.19232416    
   1.43024778       1.92100406    
   4.54229450       9.57344055    
   16.3208752       21.2897320    
   7.09375286       1.74345315    
   18.2376385       9.53385735    
   14.9791994       3.33963680    
   1.67013729       14.3212738    
   9.43726158       5.99031830    
   6.14094543       20.2413425    
   10.0453339       4.77367401    
   11.9782381       10.7824821    
   8.47546864      0.317204535    
   17.1817646       14.3664789    
   7.50991297       10.1517506    
   8.07783794       18.1724472    
  -2.07497168      0.143366843    
   5.68595028       8.37388420    
   3.73045325       8.61034775    
   14.4750452       7.45164347    
   20.0113068       6.55718660    
   11.9066544       20.6592884    
   19.0234985       8.29576302    
   3.67373371      0.416148663    
   1.22833180       9.64385509    
   16.1808491       4.05422449    
   14.6476641       6.33195686    
   6.16276748E-02   2.60479307    
   4.92651653       9.28751755    
   18.7591953       11.9506836    
   20.0753517     -0.315791070    
   7.59561014       5.47391844    
   15.3901281       10.3562670    
   2.89784551       9.88391113    
   9.14072609       16.7474861    
   18.4171028       2.94595838    
   14.0001125       18.9167919    
   6.36913729       12.5121727    
  0.463631541     -0.603037357    
   10.8932076       5.34181023    
   5.11948776       14.6182985    
   2.55522585       16.7045116    
   14.2476959       18.5126762    
   2.52056241       6.47764492    
   1.14136279       13.8888044    
   11.3500109       10.4675999    
   13.9584541       10.4300861    
 -0.202931851       9.71682262    
   15.6224422       20.2166672    
   3.76590776       2.30718088    
   10.5717936       1.20947981    
   18.6349945       15.3225918    
   6.48380369E-02   20.0773125    
  0.236960873       5.32621574    
   11.4863424       4.58049536    
   4.10659742       2.04989934    
   3.67601514       18.8830471    
   11.2736397       2.82251811    
   5.41632700       10.2374821    
   4.98730803       11.3791895    
   15.9855385       13.6920004    
   5.79928637       5.88566828    
