   16.4972572       5.89346552    
   3.56108832       12.4576807    
   11.1330357       10.4791327    
   6.20191860      0.422059238    
   8.55359364       14.2553825    
   16.1573544       15.8001623    
   12.5796604       8.37429333    
   12.9357529       7.76758957    
   8.85949135       6.18310833    
   16.6910782       5.48716593    
   5.46655130       15.5682907    
   14.1759510       11.2988081    
   7.54992437       11.6898689    
   2.99963117       13.4187708    
   11.6143341      0.823025763    
   1.45882380       12.3440351    
   1.02084422      0.310559601    
   14.0734558       18.6023560    
   7.79654551       4.19246101    
   2.50800323       18.9034920    
   14.1009769       19.7293320    
   8.03408051     -0.653104663    
   14.5534019       12.4826012    
   8.48956776       2.16952419    
   7.96458721       9.64495945    
   11.4300871      0.892533541    
   9.16340828       12.5506897    
   4.04132080       10.7150536    
   1.26551974       10.7374735    
   14.0127354       14.3458948    
   19.7967834       10.9065714    
   11.8381443       8.45162010    
   12.6782475       7.14846373    
   6.62479475E-02   12.3897839    
   3.75120091       6.00243187    
   4.07704544       7.19814587    
   4.38244438       14.6023254    
   2.05216098       16.6605263    
   4.25108194       5.81704044    
   3.74352217       3.64786768    
   4.29528666       10.8595858    
   16.5922489       20.7103195    
   8.32742500       1.58763230    
   19.8983154       10.6037149    
   13.9531946       3.56815815    
   2.17387271       12.9310160    
   8.01488400       5.42019796    
   5.93869448       18.7323093    
   9.22649956       4.97026062    
   10.4009638       11.7966452    
   9.78662682       1.30501783    
   19.6234703       16.1172600    
   7.43551350       7.41029835    
   9.98897552       19.9685917    
 -0.447532028      -9.15465504E-03
   6.14790678       9.57744312    
   2.21946502       11.5353346    
   13.2761402       6.75853491    
   18.9427395       6.96422863    
   11.5326309       22.2755604    
   20.6464405       6.26862240    
   6.40753698      0.903457701    
   3.37571263       11.2953987    
   16.4117622       2.62527680    
   14.6097231       5.04855442    
  0.115607433       2.41632271    
   4.87351704       9.00348568    
   17.4030037       9.96657085    
   23.2189579      0.643305361    
   7.61653566       6.24661207    
   16.2338676       9.95150089    
   2.75493646       8.75949192    
   8.22693062       18.5754070    
   16.2381039       2.53768063    
   12.0568123       20.1011562    
   8.90657425       14.7140970    
 -0.449880540      -2.67204618    
   9.01151752       3.72985888    
   6.03551388       14.0100527    
   3.27447248       15.5579491    
   15.7278557       18.3158379    
   1.39188361       6.78898239    
   8.18858296E-02   15.3773642    
   9.69415760       9.16769981    
   16.5945034       11.3725443    
   2.33826828       11.4083061    
   17.4060345       22.5426044    
   4.63593435      0.516982555    
   7.95203686       1.03403509    
   21.0950851       14.5993347    
   6.96424991E-02   20.6374512    
  0.751589715       5.29370689    
   11.0216179       4.16089058    
   4.17487478       3.62628818    
   4.78038692       19.5746098    
   9.30716896       7.54190683    
   4.32656860       12.0988846    
   3.27693605       12.2638931    
   15.6523886       13.1055145    
   5.62271070       3.85300350    
