   15.4352589       4.98963642    
   2.42397285       13.1542139    
   10.4499874       9.75522804    
   6.25372076      0.777732670    
   11.0625725       14.6562166    
   14.9808493       16.8288212    
   12.2475891       6.65800571    
   12.6718864       7.36218166    
   6.09124231       3.46951556    
   17.0296230       6.64293194    
   7.37426567       16.4514618    
   15.0803137       11.5902662    
   7.48052788       11.8129435    
   3.12868500       14.0604134    
   11.8000059      0.277327091    
   1.63817310       12.5883856    
   1.07625592      0.123785146    
   13.4878836       18.4953613    
   8.36606407       6.63663816    
   2.85302949       18.0745640    
   12.7422199       18.8903999    
   7.79857683      -2.17774224    
   16.0296326       12.0399475    
   9.92029381       1.79886711    
   7.10553837       8.62518406    
   12.7827091      0.761078477    
   9.04151058       12.5864143    
   4.15584087       11.0372400    
   1.28942633       11.2319775    
   13.6092176       14.9113913    
   18.7536583       8.75581360    
   11.3257027       7.75945282    
   12.7644682       3.88781309    
  0.483262390       10.2317009    
   3.27733874       6.02952385    
   4.06723595       6.78926516    
   5.21869421       16.0585880    
   1.21466136       16.0882797    
   5.80690861       3.97678876    
   2.41262102       2.59727645    
   4.04019356       10.7115803    
   16.5007935       21.6683178    
   8.45968056       1.32335603    
   17.7402248       9.52097130    
   15.0996952       3.86108923    
   2.93472314       14.4112711    
   9.21286106       5.80685663    
   6.43837738       19.2329082    
   9.59929657       3.90697145    
   12.2303286       12.9693804    
   8.68294716      0.286409020    
   17.9271431       14.9941673    
   8.10018063       9.34773636    
   8.40305138       18.3377552    
 -0.530355155      0.627757132    
   5.10532999       8.60433483    
   2.33935523       8.27419281    
   14.5047045       6.92293072    
   20.6610146       6.50928164    
   10.7657185       20.8359241    
   20.3049374       7.22846127    
   4.37699223       1.31104159    
   1.48912013       10.7906332    
   15.9446230       3.53411603    
   15.5856438       5.06564617    
  0.465274215       1.95873380    
   4.94826221       8.37956524    
   17.9699192       11.0463896    
   21.3563328      0.518322289    
   7.11568642       6.74726200    
   15.8495417       10.9292107    
   2.59418154       9.23509312    
   9.15799522       16.5691032    
   16.7617264       2.97256374    
   13.5868139       18.7167912    
   7.85441017       11.7728128    
 -0.781323075     -0.980791152    
   9.00352097       4.93026972    
   5.29664898       14.3132944    
   2.69987893       16.5294743    
   15.1259117       18.3577805    
   2.57296062       5.14907980    
  0.705739021       14.5872869    
   11.6054049       9.18067360    
   15.0288267       11.2923050    
  0.538134277       11.0393381    
   16.7441616       21.3763008    
   4.46490765       2.46422172    
   8.97173691       1.67960525    
   19.0542374       13.8857069    
 -0.847122669       19.4834156    
  0.242041409       5.07521677    
   11.6687260       5.08201885    
   5.02408791       2.14045143    
   3.37369275       18.1320381    
   10.8569679       4.68339396    
   3.96249390       10.6885071    
   5.05776262       12.2724714    
   15.8375397       14.2045574    
   6.48098612       5.44506693    
