   16.6477165       5.45359993    
   3.35399032       12.2411528    
   12.6596870       11.0124741    
   6.53916740       1.14054656    
   10.5477991       15.3209867    
   15.8328772       15.5420380    
   9.56552601       8.07752514    
   13.7272339       5.35457087    
   4.85660744       2.44984102    
   16.4967709       7.59466600    
   7.60717440       15.2902832    
   14.6822777       9.21155262    
   6.98223972       11.9979019    
   1.21187699       13.9505749    
   11.6237774      0.768009722    
   3.06542635       13.2227688    
   2.37695503       1.60820305    
   13.5242348       18.4500275    
   10.4905596       7.61520576    
   1.71928108       15.7352457    
   15.4652405       17.7450294    
   5.55297565     -0.138009086    
   15.0872879       11.1298494    
   11.1745300       1.14716244    
   7.04367924       7.86835337    
   12.3660412       3.10028267    
   10.6116772       12.5824909    
   3.34750152       10.2357569    
   1.10212803       11.8172922    
   13.6230745       15.5670176    
   17.2708416       9.25493622    
   8.37775707       6.89574909    
   13.8777952       4.43422413    
   2.19190884       12.7070446    
   2.37181664       5.81573248    
   3.20870972       6.42375898    
   4.06824350       17.2928257    
   2.82519674       19.4028225    
   7.65078831       3.84351182    
   3.07836604       1.10947764    
   4.65192842       10.3404484    
   17.2937088       20.3147621    
   5.03892136       2.47584200    
   18.6849346       10.5253487    
   13.8948088       3.27086735    
  0.753460050       16.1231461    
   10.4392118       6.58392143    
   6.70321798       19.4022980    
   11.4576416       4.77319288    
   12.2943163       11.2203655    
   6.47875834     -0.258662969    
   16.1730061       15.4902000    
   9.27539635       9.85138893    
   7.23775721       17.7735672    
  0.119088165       1.62467551    
   4.92310572       9.09638691    
   1.76841211       8.49065590    
   15.3105688       7.71849060    
   19.7642460       8.36340141    
   13.7440491       19.6418266    
   17.8989086       7.71680546    
   4.10096359      0.486886680    
  0.931339920       7.79050827    
   16.0305748       3.23533750    
   15.0277309       5.61501026    
  0.463341236       1.51132834    
   4.04153204       9.57442474    
   18.2008514       13.4965801    
   19.3028412      0.577201009    
   6.17432356       5.36024809    
   15.7205238       9.71932888    
   1.83582330       9.43898296    
   8.83279037       17.9231243    
   17.5219154       3.68296647    
   13.1051941       19.6650505    
   6.69047737       12.2205229    
  0.624662936       7.46750012E-02
   10.7803278       4.97224045    
   5.75294876       15.4422655    
   1.50220668       17.0929165    
   15.0144901       18.3916073    
   1.24525428       6.05815792    
  -8.81952643E-02   12.1938810    
   12.8766823       9.79620266    
   13.3833733       9.12746239    
   1.69265475E-02   11.9373989    
   15.2214594       19.3300781    
   2.80669904       3.20036578    
   10.5451479      0.561772108    
   17.4769840       16.5659790    
   2.53146052       19.9123955    
   1.08719444       6.84715605    
   8.87799740       4.30554914    
   3.72640443       2.59452558    
   2.37245321       18.9260578    
   9.67367268       3.59467936    
   3.41746330       10.7956305    
   4.02405787       12.8884649    
   13.8907824       11.7065306    
   7.14930725       5.66106892    
