   15.4691029       5.55004311    
   2.31649852       12.7225447    
   12.0133734       9.41079807    
   5.54543447       1.42288721    
   10.8339834       14.1376390    
   14.6965885       17.4801235    
   12.1073580       6.40466166    
   13.2897043       7.58789968    
   4.93175554       3.50979137    
   16.8707199       7.31833792    
   7.09962559       16.0031261    
   15.5981770       11.3051653    
   6.94599056       11.7440624    
   3.01610899       13.1826096    
   12.0773716       6.86714798E-02
   1.39984834       12.9265280    
  0.922643006      0.440773815    
   13.4684505       18.1899395    
   8.66366673       7.21740580    
   2.69410658       17.4287586    
   13.9628057       18.6504097    
   6.55325365      -2.16096449    
   16.4956665       11.4546595    
   10.6290541       1.39416695    
   6.70377970       8.52935410    
   13.0127573      0.892071962    
   8.76710701       13.1108198    
   4.41849518       10.6412191    
   1.62612236       11.3422661    
   13.7837563       14.6470671    
   18.8865070       10.1252899    
   9.91441250       8.27986240    
   12.8851452       3.61217403    
  0.239594892       10.1019478    
   3.04010415       5.45328045    
   4.59789562       6.41343594    
   4.95198393       15.8805876    
   1.74238253       16.4067612    
   6.51551580       3.75846100    
   1.91235483       2.78669572    
   3.91390133       10.3879051    
   16.6038647       21.3435802    
   7.18357086       1.29256916    
   17.5517483       9.64280891    
   15.2890520       3.54105496    
   2.61457133       14.5559978    
   9.30224228       5.42453337    
   6.77201033       19.7471104    
   9.73106670       4.15079927    
   11.8384314       12.1678343    
   8.39619160      0.851569295    
   17.8216171       15.4988337    
   8.45581722       10.4392328    
   7.59035730       18.5733051    
  -1.18815374      0.442502022    
   5.44138527       8.69438076    
   3.11122108       8.40769005    
   14.2304020       7.54159451    
   20.3577747       6.63569164    
   11.4843588       21.2131042    
   19.8619270       7.78147745    
   3.57471108      0.866203845    
   1.20969319       9.88136768    
   15.7233515       4.04719162    
   15.0292711       5.58630848    
  0.494990617       1.94011629    
   4.45043945       9.00422287    
   18.1218014       12.5791321    
   20.7019463     -0.202669755    
   7.36421537       6.38942766    
   15.1611223       10.4417439    
   3.38739514       9.88950920    
   9.30654049       17.3058167    
   17.5702572       3.28556705    
   13.8972902       18.4383469    
   6.96800995       12.2717924    
 -0.219443291     -0.633975029    
   10.1676884       5.41586685    
   5.25627279       13.7579060    
   2.48407030       16.0812645    
   14.6831436       18.1162033    
   2.19980049       5.36703157    
  0.868827641       14.1401672    
   11.5657701       9.75278473    
   14.6732578       11.0384216    
  0.816463649       10.2251396    
   15.9278278       20.7801514    
   4.34626293       2.61608911    
   10.1641769       1.75274169    
   17.8224640       15.0088205    
 -0.899013281       20.2882347    
  0.258883327       5.20409393    
   11.9481564       5.16964102    
   4.32269430       1.49058533    
   3.81332159       18.1382732    
   11.1130924       3.29237151    
   4.98389959       11.0350323    
   5.25546789       11.0475988    
   15.5457125       14.0610886    
   5.59868288       5.73768759    
