   16.9198761       12.3941135    
   5.48454714       11.1943178    
   10.5650644       10.9177132    
   14.2195425       12.7376823    
   7.93261957       21.7069626    
   5.99004126       2.04439855    
   1.65512681       3.88795114    
   9.00535583       7.17044449    
  0.425017864       1.64546978    
   15.1981554       14.8374472    
   2.41736960       8.65597153    
   11.8621664       14.0847797    
   9.20655346       6.62281084    
   15.6296072       3.22910023    
   4.66913843       1.83431256    
   2.05250025       1.45178127    
   19.2198734       1.51981270    
   6.15549612       10.9629517    
   7.32107401       20.4965134    
   15.9105511       11.5701542    
   15.4617901       2.17072082    
   14.7963705       12.6202335    
   1.15309811     -0.902060509    
   8.50818729       18.8777771    
   12.2995110       19.0791473    
   8.96564770       22.3782158    
   3.70905185      -1.42010391    
  0.920910358       19.1673775    
   14.5129509       5.66818810    
   15.5296478       12.5854673    
  -1.59630215       9.97244740    
 -0.411386818       14.6143131    
   9.79018211       7.40560389    
   2.49697876       15.7187910    
  -1.96664762       2.22923636    
   1.68326628       15.1498966    
   17.3439064       13.8822260    
   18.4509468       3.26209044    
   7.95711756       18.4862270    
   3.82514358       17.7967510    
   10.1381721       13.8017712    
  -8.42946693E-02   4.46320295    
   10.4180822       12.5084333    
   16.4229221       15.5876131    
   14.1232471       10.5724907    
   4.67619181       1.81653523    
  0.170420274      -1.93182540    
   16.9953918      -1.31889188    
   10.0199795       12.0122070    
   1.45629215       4.44412184    
   11.7281942       2.23194194    
   10.3583336       3.14373517    
   5.36499405     -0.155937284    
   2.78229284       17.9827080    
   8.12552643       16.3869114    
   6.05829763       14.3691053    
   7.63106537       15.8598232    
   1.61973751       3.10998535    
   18.6056137       5.09442329    
   10.2578592       15.4716740    
   17.4080677       8.75667667    
   8.65545940       17.6808643    
   11.9683990       2.94180632    
   17.3441677       11.2664747    
   18.8426781       18.0305252    
   13.8588305       7.37906456    
   2.09027219       4.56473732    
   19.6581020       15.2097483    
   9.39030170       15.0457516    
   8.51948166       20.5461349    
   4.79706717       2.59474325    
 -0.956329644       15.1229496    
   16.6275196       5.28672838    
   12.0218477       11.6758909    
   18.3435726     -0.326902360    
   9.93256283       18.0838566    
   19.6707668       2.45383239    
   16.1184006       8.71651363    
   10.5705032      -1.17507982    
   16.6724644       11.6805553    
   2.96790433       12.5358591    
   15.3214836       17.3683472    
   3.77845860       13.2727318    
   11.7496462       18.5953789    
   3.03564906       17.2672977    
   10.8797274       8.96079254    
 -0.338880479       1.33040452    
   8.59106731       10.0138340    
   12.6282291       16.9628334    
   16.5798092       13.9367208    
   10.1986580       13.3991671    
   4.66665030       16.1657505    
   5.82354736       10.5340042    
   5.33701086       22.2885036    
   1.64779007       16.6588326    
   17.2046318       8.52454090    
   8.79251862      0.792441368    
   17.2090130       7.72723389    
   2.31345057       1.33294034    
   2.64705920       5.73024654    
