   16.6355495       12.2602892    
   6.73173618       10.4052286    
   11.1858034       9.67077732    
   14.6187344       12.2691717    
   8.81579971       19.6861820    
   5.03336811       2.17881155    
   2.07578683       2.92676282    
   8.96134949       7.77100325    
  0.610221207       1.73644829    
   14.4993572       16.5835533    
   1.36046362       9.84732914    
   12.8000784       13.9162521    
   9.88555336       7.70762873    
   12.2523680       6.67605591    
   2.45148587     -0.791571617    
   3.38415694       1.62273169    
   18.0143681      0.927469015    
   4.78886652       9.89149857    
   7.47326183       19.3026295    
   16.8516426       14.0089188    
   16.2938347       2.67113519    
   12.4430618       14.1921434    
   1.33046269       1.62735224    
   8.29860878       16.9817047    
   14.4177809       17.8978500    
   8.46283627       20.4037151    
   3.27338696      0.561715305    
   1.45464277       19.6272469    
   13.5218668       4.75937414    
   12.8011103       12.0941114    
   4.87715565E-02   13.9836521    
   2.89374852       18.4034042    
   10.2164059       8.63969612    
   1.82721710       15.8014708    
 -0.757068217       2.40162635    
   4.36190414       18.4775257    
   17.5588837       14.3572569    
   19.4150753       2.58567023    
   9.15276909       19.6537342    
   4.65195847       19.6082859    
   9.40402031       12.6169090    
   1.55142343       1.52956760    
   8.93873215       12.4068537    
   17.1466732       15.4864836    
   13.1278934       10.5001392    
   6.93277264       3.61009264    
   3.62394524       2.31345630    
   15.0412569       1.38966131    
   10.2560997       11.3131237    
   2.30523086       3.85062432    
   9.32756996       5.07620573    
   9.48912525       5.51852036    
   3.31716847     -0.102299951    
   3.65111423       20.1280308    
   8.68635750       15.2753048    
   7.90960646       15.5905247    
   7.10482788       13.0888062    
   1.68071806       1.50271988    
   16.1174412       6.99924421    
   10.5703030       14.6606817    
   13.1287699       7.79914904    
   8.54835606       18.1865444    
   9.46646595       3.63643146    
   16.2518787       12.7489595    
   16.1074867       19.1803417    
   17.0326061       5.91269779    
   1.36690974       4.30679941    
   17.8861160       17.5567646    
   9.17649841       16.1115189    
   7.77865076       17.7242393    
   3.37686419       3.34114289    
   1.09028053       12.1430330    
   16.1469135       6.54884672    
   12.1076565       10.7516937    
   15.5894985       3.57344747    
   11.5085201       18.1697769    
   20.8130322       4.32477713    
   14.7986202       7.62504530    
   8.62105274       1.85670829    
   18.0351887       12.0056171    
   4.27626991       8.21889400    
   15.5595226       18.7454948    
   2.34756708       15.4785137    
   10.1856804       19.0578079    
   3.22416401       13.5184746    
   9.92802525       10.9446659    
 -0.857931256       5.40959787    
   7.61958838       6.25284958    
   13.7795811       16.2827110    
   18.6147137       12.2488909    
   7.60161304       12.6821527    
   7.32592630       16.3867741    
   3.26482105       7.54634094    
   4.18873358       20.2180843    
   1.83907163       15.3250599    
   15.6813583       8.69412518    
   12.1365862      0.113402314    
   19.5384293       8.82505322    
   4.47284603      0.709720254    
   1.79758441       3.23768640    
