   17.9098473       12.9486408    
   5.78504848       10.7549314    
   10.1336670       10.5810356    
   13.4720650       12.5363398    
   7.35538721       20.9620609    
   5.58778572       1.46767175    
  0.845583856       3.89968252    
   9.12983990       6.87179899    
   1.04303980       1.32475758    
   15.0272017       14.3242350    
   3.09141588       8.75437450    
   11.8486986       13.8496962    
   10.2388725       7.10560703    
   15.7899141       3.84776068    
   4.51674747       1.17088914    
   2.13538885      0.579963267    
   18.5988674       1.96012998    
   5.67373466       11.2159853    
   7.68029261       20.0835743    
   16.9380455       11.8590689    
   15.7383394       2.39885473    
   14.5194960       11.9620495    
   1.97375917      -1.18814325    
   7.82462454       18.2074013    
   12.3503103       18.7113876    
   8.37478447       22.1486263    
   3.46249652     -0.494128346    
  0.878671110       19.4723988    
   14.4666176       6.24105549    
   16.4514790       13.0917377    
  -1.82245159       9.91928959    
  0.412467778       15.6100731    
   10.1557016       7.00754786    
   3.05783272       15.6157637    
  -1.04687142       2.06842518    
   2.64350319       14.8131914    
   17.8769741       14.3391342    
   17.8825970       3.44280291    
   8.32690811       18.2861767    
   4.83674192       18.2314148    
   9.76858997       13.6065931    
 -0.464193195       3.36628771    
   10.7582178       12.4438934    
   15.5562267       15.4775820    
   13.9203663       10.5333033    
   4.31360722       2.24055386    
  0.425176173      -1.62660098    
   16.6463356      -1.34679282    
   10.5232525       12.3987036    
   1.71826339       4.95285416    
   11.7178707       2.78464437    
   10.4228458       3.08770132    
   5.58172464       1.43281078    
   3.07515335       18.6317883    
   8.45514202       15.4040909    
   6.79083824       14.4250154    
   7.04834604       15.5389700    
   2.30396414       3.86372042    
   18.1357746       5.02069235    
   10.9528866       15.3713913    
   16.9667931       8.94583511    
   9.10978317       17.4427834    
   11.8724165       3.25864315    
   18.4060898       12.4046326    
   19.3296700       19.1614761    
   14.3810825       7.42837286    
   3.24321866       4.10196447    
   19.3565292       14.4683056    
   9.52655506       15.1595268    
   8.27054596       20.6929932    
   4.88201380       2.11148596    
  -1.83772242       15.3568840    
   16.2489128       5.50419283    
   12.6244774       12.6091099    
   17.8529701      0.593841314    
   10.9274759       19.3307343    
   20.2650280       3.39580321    
   16.3351707       9.72152615    
   11.3807878      -1.25692487    
   16.6840706       11.5141964    
   3.05288768       11.7639065    
   14.9938326       17.4418011    
   3.86860728       13.3157787    
   11.2452192       18.6648979    
   3.95206285       15.9256811    
   10.2818356       8.69933033    
 -0.585173130       1.57106149    
   9.15885639       10.1082668    
   12.4449329       17.5662003    
   16.7240639       14.2322979    
   9.85310650       13.4912300    
   5.39534283       16.2010536    
   5.83821583       10.1738071    
   4.59758997       22.6792850    
   3.01065993       17.0767708    
   16.4334946       8.46171570    
   9.01689053       1.17034423    
   17.4289856       8.51395512    
   3.54241800       1.12303758    
   2.28610682       5.33483744    
