   16.8633366       6.85184956    
   3.79898286       11.7571669    
   11.0569506       10.5874243    
   6.73106194      -1.23328911E-02
   8.46656990       14.4521990    
   16.5742531       15.8898230    
   12.3173571       8.30954933    
   12.6608582       9.48842049    
   9.01779366       5.22713995    
   14.9354029       5.62845087    
   5.00860786       16.5137730    
   13.6513348       11.3288269    
   7.61385155       11.1671743    
   4.18115091       14.9036760    
   12.0433884      0.983849108    
   2.41180468       13.3685722    
  0.582187533      0.918507218    
   14.5040960       17.6188507    
   7.18463182       5.91257906    
   1.88298035       19.0654259    
   14.3996029       18.8891659    
   7.39373446     -0.576806426    
   13.8865910       11.9626350    
   8.72896004       1.81513953    
   7.80414200       10.9478149    
   11.2486906       9.41728354E-02
   8.84276772       12.4512501    
   3.91893411       11.3284435    
   1.74068904       11.0208883    
   13.0905209       13.3690681    
   20.7200909       11.9081726    
   11.0450287       7.64526320    
   13.3222141       6.87370825    
  0.715165734       11.6078701    
   4.18619108       6.38894606    
   3.47553062       6.42082262    
   4.51846790       15.1632690    
   1.75745988       15.9161730    
   3.59543562       6.04617691    
   4.14189482       3.52656245    
   4.62895536       9.90256023    
   16.9478073       19.0742321    
   6.68885088       1.75287604    
   19.7816391       12.3503695    
   14.4603653       3.73447752    
  0.668273389       13.7119188    
   6.94717693       5.48643255    
   6.10686779       18.8165588    
   10.2970219       5.62893629    
   11.0730629       11.3869915    
   10.2871552       1.22322035    
   19.7480946       14.8722620    
   6.45692635       7.57941198    
   9.38289165       19.9579086    
  -8.73946473E-02  0.458611131    
   6.67766523       9.36005974    
   2.11327982       11.8880081    
   12.6668310       6.82325792    
   18.4851246       7.11272955    
   11.5552397       23.3361816    
   19.5503807       5.59434843    
   6.98355150       2.09899998    
   3.06530166       10.9682341    
   15.6289740       4.56557274    
   14.4476976       4.78991795    
 -0.954217255       1.88892758    
   4.60081959       8.50853252    
   16.7571087       10.5782824    
   23.8849812      0.853738964    
   7.32774591       6.44784212    
   15.9813509       9.60201359    
   2.36357784       8.31227016    
   8.63668919       18.3556919    
   15.3975754       1.90848923    
   11.9202490       20.2816925    
   9.28931427       13.7350483    
  -1.02127349      -1.67827380    
   9.10464191       3.18734980    
   7.92996454       14.4139185    
   4.98523045       16.2017727    
   16.6549263       18.0594578    
   2.57064509       7.19205046    
  -8.15652981E-02   14.4798594    
   10.5601645       9.70487785    
   17.8542576       11.6896515    
   2.40073228       11.1523848    
   16.5086403       22.0734100    
   6.63622284      0.550966322    
   7.84437943       1.90529883    
   20.5135479       14.6462202    
   4.77823690E-02   20.5474873    
   1.52716625       4.59850264    
   12.0508862       3.73245788    
   3.44754028       2.77390242    
   4.94164419       20.5287418    
   8.34204960       7.02957344    
   4.37280464       13.0442123    
   3.79321265       10.9918747    
   16.5491695       13.0668669    
   4.24795389       4.41281843    
