   15.3504868       5.32078552    
   2.23664212       13.4733696    
   10.9452496       9.49218082    
   5.94193792      0.904926956    
   10.6971531       14.4870453    
   14.5288210       17.0628128    
   11.9336653       6.16679001    
   13.2273216       6.94858122    
   5.56072330       3.60314536    
   16.6693993       6.90647316    
   7.04563236       16.2798843    
   15.2627258       11.3207550    
   7.39704370       12.2581587    
   2.91755462       13.4385710    
   11.6022520      0.559164882    
   1.51852989       12.7019415    
  0.988649368      0.139551044    
   13.7097750       18.3990440    
   8.45143223       6.79705238    
   2.86311817       17.6944294    
   13.5352697       18.8068295    
   7.25042439      -2.33475184    
   16.0840187       11.6851645    
   10.4133883       1.24355698    
   7.49332571       8.59386635    
   12.7137833      0.951494634    
   9.01712227       12.9125519    
   3.56401229       11.4505234    
  0.970281065       11.3649559    
   13.6111412       14.9262924    
   18.4316730       9.76304245    
   10.2352180       7.82558060    
   12.7343016       3.44338226    
  0.205400109       9.92765331    
   2.88424134       6.12665176    
   4.11645365       6.43644857    
   5.12212849       15.5154800    
   1.59567070       16.1354179    
   6.59670115       4.15440989    
   2.23050213       2.45709276    
   3.80588961       10.6849041    
   16.7412033       21.3115311    
   7.55776834       1.47313142    
   17.8234959       10.1095219    
   15.1679726       3.65442395    
   3.13387465       14.1451206    
   9.42822933       5.38613033    
   6.78638506       19.2707710    
   9.75957489       3.79556060    
   12.1747160       12.2931252    
   8.30105782      0.497227937    
   17.7939835       15.3414764    
   7.84814548       9.89036083    
   8.02534008       18.2486057    
 -0.693957567      0.661102116    
   5.16636801       8.56604671    
   2.85250092       8.94054413    
   14.1864462       7.76085901    
   20.5237446       6.38180876    
   11.4368496       21.0741901    
   20.0030842       7.18298006    
   3.77008796       1.22690010    
   1.33521366       10.4879656    
   15.7134161       3.93086648    
   15.1607513       5.41960955    
  0.510521948       1.94867146    
   4.48910189       8.60464859    
   18.5036430       11.8050117    
   21.1469898       2.36350372E-02
   7.54852629       6.43431377    
   14.8928051       10.8130436    
   3.09563708       9.88866615    
   9.23420811       17.1490746    
   16.9113884       3.42109966    
   13.9688959       18.3678284    
   6.97714424       11.6136131    
 -0.219388753      -1.13713276    
   9.58000755       5.63144541    
   4.97973871       14.2366209    
   2.63276625       16.1409397    
   14.9618082       18.4653187    
   2.31552672       5.37471390    
  0.403821111       14.8451090    
   11.5477142       9.40696716    
   15.1845007       11.3920784    
  0.349233836       11.0604420    
   16.0677948       20.9582596    
   4.58963633       2.34555268    
   9.86091709       1.74308264    
   18.2243652       14.7512636    
  -1.43777502       20.1936169    
  0.405534238       4.98019409    
   11.2879820       5.20645189    
   4.10758209       1.63534319    
   3.34424257       18.2825680    
   10.8624735       3.99218988    
   4.08577967       11.1146069    
   4.96043396       11.1306219    
   15.5669041       14.0861092    
   5.75755548       5.38009119    
