   17.2591419       12.1665516    
   7.03464937       12.6051197    
   10.1944170       9.79239559    
   14.1928282       14.4077635    
   8.29637241       19.9783535    
   4.84904623       1.55295789    
   1.79844594       3.05723286    
   6.33475780       8.20748234    
   1.73744190       1.38996780    
   14.1872149       15.7588844    
  0.807899058       9.69516850    
   12.8786688       14.5607567    
   10.2265072       8.01208115    
   14.3625603       3.97006655    
   4.84849501      0.466941953    
   4.78193092       1.03193521    
   18.7594280       1.15341008    
   5.41947031       10.5992651    
   7.45655632       19.3998642    
   16.7372322       12.8556280    
   15.0721493       2.93170738    
   14.3495140       13.5431099    
   1.30854380     -0.575059295    
   8.97547436       16.8403530    
   13.5829153       18.1962509    
   9.96096611       19.8878002    
   2.19766140     -0.861703694    
 -0.237595186       19.6700249    
   13.7315645       5.46319389    
   15.6153011       12.2069836    
 -0.810072720       12.2439651    
   1.98684990       15.7510347    
   11.4069643       8.46619797    
   1.68390763       14.2231779    
  -1.46407974       2.32931042    
   3.38596416       16.1784515    
   16.8251133       13.9762459    
   17.6824818       2.62553382    
   7.72207594       18.7910576    
   5.37847281       18.3956146    
   10.4587307       13.4202662    
  0.475325733       2.40358996    
   9.99001884       13.0528402    
   16.6873493       16.7220573    
   12.5992651       10.8780832    
   5.34036589       3.85557842    
   1.91820240       1.14821398    
   15.1730299      0.721763492    
   11.1236391       11.1529493    
   3.41968703       4.03487015    
   10.2356749       4.79546213    
   10.6544533       4.28810215    
   4.21203613      0.942829192    
   3.94951153       20.2809792    
   9.21171570       15.4966707    
   6.88343906       13.9276419    
   7.77458239       14.7080688    
   1.75492501       2.29123521    
   18.3519268       5.42922497    
   10.8541460       15.6507587    
   13.8233786       7.65555143    
   7.97852135       19.3023186    
   10.5778894       5.43293571    
   16.6444645       14.7521372    
   15.8877354       19.1150112    
   14.7998238       5.22534037    
   1.28791118       2.73593640    
   19.2756157       16.0361576    
   9.74311543       16.2138710    
   7.34635687       19.4641418    
   4.91149807       3.12848997    
 -0.867315888       13.5212650    
   14.6028690       5.35683346    
   10.7101393       10.8037167    
   16.1272602       3.13245797    
   10.3397503       19.3747807    
   20.6272221       3.84547591    
   16.4050388       9.54666519    
   10.7333069       1.86947143    
   17.2473984       12.0184402    
   4.56298399       9.71591187    
   13.4561615       19.2375717    
   1.45508254       15.5932817    
   9.77983379       19.4713211    
   3.63288331       15.2428722    
   9.51359653       8.74507427    
  -1.71967399       3.02237105    
   8.86367226       7.94882441    
   12.8434324       16.8428192    
   18.1806793       13.6365690    
   9.16522503       12.8848467    
   4.86778831       16.2407131    
   4.11567736       8.53295708    
   2.67730951       21.0374451    
   1.64352417       15.4508066    
   17.3065052       7.97442150    
   9.44814014      0.982827842    
   17.7658176       8.33573627    
   3.93767071       1.91971493    
   2.54933167       4.77941847    
