   16.4982338       12.4024258    
   6.60509109       11.5228891    
   11.3918152       9.79562759    
   14.3901539       13.1934004    
   9.11462688       20.0270119    
   5.35590124       1.12823892    
   2.39413357       2.94497490    
   9.03097439       9.08745956    
  0.905057073       1.83543050    
   14.7518425       15.8464088    
   1.52231085       10.1426725    
   12.7857094       14.3529634    
   10.1196108       7.89915228    
   13.3964815       5.75507498    
   3.03096461     -0.479303420    
   3.85256314       1.59861004    
   18.3052826      0.385749549    
   5.45480156       10.2374287    
   7.06373358       19.3687344    
   16.9195957       14.2855034    
   16.0048809       2.88830829    
   12.8222504       13.9363976    
  0.740509987      0.430765152    
   9.14223099       16.5356236    
   12.6376944       17.8700047    
   9.20906639       20.3880901    
   2.84438682      -2.05018627E-03
   1.00984490       19.7417240    
   12.6759729       5.55154800    
   13.1933451       11.4201584    
  0.133036226       13.0657530    
   3.21173954       17.0580559    
   10.1668491       8.66584396    
   1.78954768       15.7973824    
 -0.713660479       2.88025284    
   4.26204538       17.6160851    
   17.3141117       14.7073469    
   18.9039135       2.03707600    
   8.64330578       19.5096035    
   5.46713924       19.3848400    
   10.2071590       12.2343407    
   1.22344971       2.49394679    
   8.81815815       13.1679335    
   17.4922943       14.6504946    
   12.9964476       10.3012505    
   7.58864594       3.96919036    
   3.54864168       1.78772628    
   15.4303761      0.670654535    
   10.3011112       11.5000696    
   1.48391020       3.98524213    
   9.73769188       5.04394388    
   10.5879993       5.92812824    
   3.58485937     -0.133273616    
   3.42789578       19.8290138    
   7.93800831       14.2129965    
   7.60843706       15.0899029    
   7.33707380       13.1440802    
   2.23152924       1.24201691    
   16.9948463       6.22025108    
   10.8327818       14.7703733    
   12.8044281       7.92712355    
   7.51442528       18.1831036    
   9.30830860       3.55467916    
   16.9737015       12.7476387    
   16.8706741       19.5746651    
   16.4872646       6.11422729    
   1.14727509       2.98686624    
   18.8887043       17.2724438    
   9.11504364       16.3209381    
   7.24205303       17.7954292    
   2.63024879       2.89307642    
  0.919344664       12.1056271    
   15.9879284       6.10816956    
   11.8509951       11.3677073    
   16.4061642       2.98616815    
   11.0152111       19.2862511    
   20.3180370       3.80439544    
   14.7793646       8.56141949    
   8.28574181       2.71071720    
   17.9532814       11.9261179    
   3.56152773       8.11670780    
   15.1124926       18.4857025    
   1.83470654       15.7022629    
   10.3228703       19.3149986    
   3.15215397       14.1484337    
   10.2715225       10.7842598    
  -1.55655050       4.53124666    
   8.49788857       5.95184946    
   12.8455868       16.2915115    
   18.1270275       13.5749493    
   8.66404629       12.3882914    
   5.57912588       16.7754116    
   4.16263962       7.80681658    
   3.88681722       20.4933662    
  0.832215428       15.9731655    
   15.8702679       8.05110550    
   10.6157293      0.598820627    
   19.1926613       8.96244526    
   4.39679289       1.34775722    
   1.59959173       3.43218899    
