   16.6697769       7.08278227    
   3.93098760       11.6818209    
   11.1341753       10.5356426    
   6.40148497     -0.184214443    
   8.50384140       14.5082159    
   16.5989571       15.8925695    
   12.3042564       8.58973885    
   12.3969421       9.32300091    
   8.77178955       5.10757494    
   14.9021530       5.74068260    
   4.98054981       16.3485451    
   13.6475954       11.1768837    
   7.55526972       11.2599602    
   4.10930443       15.1618547    
   11.8865471      0.952118039    
   2.53694701       13.3802900    
  0.643989682       1.23389518    
   14.6333017       17.8983498    
   7.27384186       5.74510622    
   2.21959901       18.8227043    
   14.1584044       19.1176033    
   7.66295338     -0.822870731    
   13.9897099       11.9657469    
   9.01155281       1.76252615    
   7.90378475       10.9441862    
   11.2949400      0.398075730    
   8.99399471       12.1810780    
   3.65655375       11.4630671    
   1.39627719       10.8128595    
   13.4034157       13.5222368    
   20.6894379       11.6192713    
   11.0850258       7.87870169    
   13.0651693       7.18967676    
  0.465365678       11.6295366    
   4.24752140       6.68601656    
   3.70643902       6.36434793    
   4.79707670       14.9192190    
   1.60774195       15.5928402    
   3.71719670       5.70847416    
   4.05687380       3.65315938    
   4.66619873       9.93782902    
   16.8069191       19.3699741    
   6.92221260       1.98696053    
   19.7963753       12.0531034    
   14.3664007       3.56993484    
  0.678048611       13.5648088    
   7.24118233       5.30266047    
   5.95317650       18.9755898    
   9.99621487       5.32264996    
   11.4004726       11.3736420    
   9.97027397       1.34616864    
   19.4495602       14.9607773    
   6.57083797       7.24584675    
   9.20166969       19.8433723    
  -7.53128156E-02  0.717476666    
   6.36954880       9.40350723    
   2.42919469       11.5680733    
   12.5821266       7.05834007    
   18.6530952       7.41597319    
   11.6735039       23.0879288    
   19.6759071       5.64267731    
   6.98051739       2.14111471    
   2.88944888       10.8994055    
   15.8629198       4.27609348    
   14.5420847       4.93738651    
 -0.656103253       2.13223934    
   4.43726492       8.28731537    
   16.6156235       10.3927670    
   24.0141563      0.744035721    
   7.31531143       6.77821589    
   16.2015591       9.66648865    
   2.07466245       8.55973339    
   8.84154701       18.3092003    
   15.7432642       1.83219182    
   12.2484455       20.0320511    
   9.03343868       14.0226231    
  -1.12032008      -1.93630683    
   9.06826305       3.43900490    
   8.00548553       14.4224625    
   4.83617973       16.0137615    
   16.6424389       18.0655918    
   2.23237658       6.91243124    
   8.69189575E-02   14.5931330    
   10.5674448       9.78520012    
   17.6483612       11.4194508    
   2.23622870       11.4260502    
   16.8051834       22.2458897    
   6.38372803      0.711537659    
   7.96306515       1.66145837    
   20.1844521       14.8768978    
  0.233866006       20.7353764    
   1.23461533       4.84858656    
   11.7944403       3.66883183    
   3.59830594       2.47704434    
   4.90451431       20.2769871    
   8.44072533       7.19579792    
   4.41104031       12.8044119    
   3.90189409       11.3227539    
   16.5382080       12.7610903    
   4.40007162       4.68429804    
