   16.4496422       11.9661398    
   6.46431112       10.6032877    
   11.4411125       9.90760136    
   14.9202967       12.0747833    
   8.84266186       19.4809361    
   4.97470140       2.11333728    
   2.19048762       3.12676716    
   9.02927780       7.49721003    
  0.615923524       1.76213562    
   14.7697964       16.7720451    
   1.70719540       9.50788689    
   12.9625444       14.1668358    
   9.66427422       7.38125753    
   12.1404819       6.55187988    
   2.19826508     -0.868206561    
   3.09793830       1.77792501    
   17.8215027       1.27683270    
   4.94343233       10.1640701    
   7.64049149       19.1860008    
   16.8874626       14.3468227    
   16.0427170       2.56781101    
   12.6243429       14.5246935    
   1.29134500       1.89081430    
   8.58922195       17.2623730    
   14.2759800       18.1522236    
   8.32424450       20.1269646    
   3.00622344      0.247412249    
   1.54722321       19.3009930    
   13.5896349       5.02248049    
   13.1029415       12.2196474    
  -1.57666765E-02   13.6692743    
   3.09497285       18.1566105    
   10.5074253       8.93354511    
   1.62607682       16.0395641    
 -0.706634402       2.63119054    
   4.06667423       18.8215199    
   17.2808380       14.2345238    
   19.1166382       2.49800444    
   9.09976006       19.5782375    
   4.30372000       19.2711658    
   9.12250710       12.8603420    
   1.39125514       1.63580441    
   8.89333916       12.3307533    
   16.9869213       15.3328819    
   12.9175997       10.4669561    
   6.95276594       3.91424584    
   3.76291227       2.23041654    
   15.1986465       1.10866416    
   10.2610626       11.1705952    
   2.54086137       4.16384506    
   9.42950916       4.87980938    
   9.17492199       5.28469801    
   3.50065756       3.13731544E-02
   3.59588957       20.0464382    
   8.76721001       15.4045982    
   8.00283813       15.2605495    
   6.89537621       13.2080975    
   1.71925366       1.53828692    
   15.9376192       7.18172693    
   10.3465424       14.5480442    
   12.8239431       7.85470915    
   8.51346207       17.8464298    
   9.73492622       3.84417534    
   16.2727547       12.6332788    
   16.1673965       19.5173435    
   17.0644073       5.94746876    
   1.43983471       4.17652369    
   17.9203548       17.5907288    
   9.00312138       16.1218071    
   7.83013105       17.9724770    
   3.46367908       3.57922840    
   1.42014062       12.0927820    
   16.2889824       6.64152336    
   11.9006777       10.6356163    
   15.6238680       3.42061329    
   11.4038334       18.0443592    
   20.5098667       4.47415447    
   14.5724030       7.29932117    
   8.46332264       2.04188490    
   17.7773190       11.6644411    
   4.28309679       8.16676140    
   15.4266024       19.0921764    
   2.67455173       15.1407423    
   10.0711946       19.0982227    
   3.26584625       13.2398205    
   10.0502510       11.0009050    
 -0.837467134       5.18377066    
   7.30258083       6.14483976    
   13.8683805       16.4024963    
   18.4009094       12.5024405    
   7.80169678       12.9509840    
   7.02799654       16.2141056    
   3.35245085       7.59975958    
   4.28929186       20.5292683    
   1.53852451       15.2796755    
   15.4748726       8.36208057    
   12.3202057      0.428681016    
   19.3579750       9.01765442    
   4.47307062      0.945461571    
   1.54888916       3.06372857    
