   17.3731613       12.7397738    
   5.75065613       11.3566561    
   10.4290743       10.4711637    
   13.8825808       12.5473948    
   7.98190308       21.3638344    
   5.79507732       1.70906496    
   2.05918431       3.79182029    
   8.67458248       7.65218639    
  -8.64392966E-02   1.27188718    
   15.3316545       14.8225908    
   2.65230060       8.30729675    
   11.8477850       14.0354700    
   9.69511127       6.26244593    
   15.7393608       3.01711988    
   4.80639076       1.70930576    
   1.91827297      0.885001957    
   18.7583370       1.71988022    
   6.14710855       11.3253136    
   7.32333231       20.4121838    
   16.5283413       11.5608683    
   15.3590908       2.68919754    
   14.6249695       12.5954771    
   1.60504448      -1.00641918    
   8.39585400       18.6477089    
   11.7083664       19.4548912    
   8.65001202       22.4350739    
   3.57772398     -0.849033117    
  0.875680625       19.3430424    
   14.5427046       5.62363529    
   15.8756895       12.7298336    
  -1.45790744       9.97621346    
 -0.420303673       15.0716496    
   9.79075623       7.29791737    
   3.04755664       15.8470335    
  -1.42432797       2.11711192    
   2.24141502       14.9870720    
   16.7782135       13.7687998    
   18.3324509       3.40605021    
   7.93323374       18.4383564    
   4.36030149       17.6943607    
   10.0952358       13.8957825    
 -0.164031386       4.52956200    
   10.1127186       12.2939348    
   15.9153767       15.4360390    
   13.6889639       10.1026316    
   4.76868010       1.76224852    
  0.583369553      -1.82270980    
   16.9085712      -1.52726400    
   10.0796318       11.8807068    
   1.17017186       4.74378157    
   11.4669905       1.98106325    
   10.2700701       3.37719846    
   5.16644716       9.40020457E-02
   2.86585188       18.5505619    
   8.00807381       16.2404919    
   6.02926588       13.9345455    
   7.62608242       15.9244585    
   1.86132705       3.54993892    
   18.0613403       4.77598476    
   10.4314070       15.4118576    
   17.6973915       9.08288288    
   8.93480396       17.7701454    
   12.0673065       3.33362317    
   17.3692646       11.5083008    
   19.1853447       17.6951637    
   13.8153982       7.73188829    
   2.34115338       4.31440210    
   19.3611164       15.0602875    
   9.38844776       15.0426779    
   8.27839470       20.6889744    
   4.67833042       2.75399876    
 -0.935708463       15.2077312    
   16.4490337       5.03411055    
   12.4768658       12.2054615    
   18.7506542      -4.33226116E-02
   10.2759142       18.3709698    
   19.8764782       2.52254105    
   15.5836258       9.14081001    
   10.5560732      -1.34127831    
   16.9791908       11.8961535    
   2.92018414       12.4631491    
   15.2276115       17.0443344    
   3.67699575       13.2650557    
   11.5081854       18.2990971    
   3.06426740       16.8668785    
   10.4282265       8.87668800    
  -9.79364887E-02   1.38838983    
   8.71062183       10.5182657    
   12.5983963       16.7960377    
   16.8411179       13.9831333    
   10.1117725       13.3059044    
   5.02592421       16.3935051    
   6.02627897       10.5010471    
   5.19821358       22.8948517    
   2.31210566       16.7629547    
   16.8904438       8.46499920    
   8.75831127      0.768369436    
   17.5069790       7.82088566    
   2.55281782       1.26003385    
   2.42305970       5.73533726    
