   17.1348267       12.3996620    
   5.43564701       11.0488024    
   10.3859320       10.7540369    
   14.0993910       12.6658096    
   7.98661375       21.5797634    
   5.75655651       1.98793674    
   1.89021301       3.85047364    
   8.69226837       7.41034031    
  0.213727757       1.42171395    
   15.0733290       14.8320408    
   2.36637950       8.63033772    
   11.6655903       13.7582340    
   9.38946724       6.52344751    
   15.9793406       3.11873269    
   4.79587030       1.97107971    
   2.06705952       1.21842360    
   18.9541817       1.59665418    
   5.98786640       11.3097601    
   7.04683924       20.2981758    
   16.2046947       11.4753027    
   15.3852797       2.46209097    
   14.6231594       12.4461126    
   1.45786953      -1.11160493    
   8.17514896       18.9734707    
   12.0414562       19.3910980    
   8.97052002       22.3549995    
   3.71427774      -1.11728072    
   1.05836785       19.2737617    
   14.5563316       5.93366289    
   15.6626339       12.8763542    
  -1.71748388       10.2596664    
 -0.243368983       14.7802181    
   9.63805962       7.24908543    
   2.76402688       15.6070948    
  -1.65500069       2.11129236    
   2.01749873       14.8314476    
   17.0577793       13.5432453    
   18.5968513       3.09220433    
   7.84471273       18.5527802    
   4.02809715       17.6281872    
   10.0151215       13.9027548    
 -0.377000183       4.28304482    
   10.3601885       12.3620348    
   16.2583847       15.3310165    
   13.8336477       10.2494707    
   4.97716904       1.64797008    
  0.251824856      -2.10222197    
   16.7479343      -1.56122053    
   9.85403347       11.7939892    
   1.28247058       4.57354879    
   11.5149984       2.15737510    
   10.4307585       3.19154954    
   5.14185429     -0.224258825    
   2.54686475       18.2884102    
   8.12298775       16.1039314    
   6.12002897       14.0813637    
   7.86380196       15.5899200    
   1.52009046       3.37770271    
   18.2655678       4.81968212    
   10.5192728       15.2835875    
   17.4114838       8.93692684    
   8.70426750       17.4866238    
   12.0010214       3.00497699    
   17.6309872       11.4345026    
   19.1867104       17.9528542    
   13.7220716       7.54831076    
   2.01839590       4.44319296    
   19.3832512       14.8852396    
   9.08026218       14.9789276    
   8.29631901       20.8717060    
   4.79301119       2.43755651    
 -0.897098422       15.0527067    
   16.4197865       5.21586084    
   12.3126459       11.9872875    
   18.4606476     -0.151548758    
   10.2461329       18.4066753    
   19.7815628       2.59240985    
   15.9139271       9.04818344    
   10.6241455      -1.08014560    
   16.7156277       11.6046953    
   2.67376423       12.7627516    
   15.0264730       17.1858044    
   3.85473180       13.2063370    
   11.4146996       18.5851307    
   2.91663313       17.1680317    
   10.6229792       8.74975395    
 -0.198104560       1.31977308    
   8.86324310       10.2662249    
   12.4816446       16.7416439    
   16.8209076       13.8123131    
   10.0990505       13.5642471    
   4.93951368       16.1544971    
   5.97469664       10.6615095    
   5.11173487       22.5596714    
   1.96253514       16.8041172    
   16.8635159       8.43433475    
   8.60010052      0.666280746    
   17.1678562       7.85898447    
   2.21786189       1.08985591    
   2.41168189       5.51307106    
