   16.6294098       12.0369768    
   6.74245262       10.2876978    
   11.1303682       9.60602570    
   14.5763264       12.6575546    
   8.78798103       20.3079300    
   5.58281660       2.24313998    
   2.13489103       2.46834493    
   8.77399158       8.08952045    
   1.07833004       1.61012304    
   14.3310499       16.6810074    
   1.73464191       9.63074875    
   12.8519773       14.2173662    
   10.1271982       8.00840759    
   12.6838427       6.43999243    
   2.67120433     -0.554168999    
   3.85196471       1.38127816    
   17.8162670      0.755548775    
   4.83593845       9.79368782    
   7.23247242       19.2872314    
   16.8907948       14.0580244    
   16.2478104       2.63253689    
   12.5331869       14.1554556    
   1.01588905       1.29877782    
   8.40149021       16.4924774    
   13.8126478       18.5077305    
   8.73114967       20.5443592    
   3.24906230      0.513720691    
   1.47933996       19.5462685    
   13.1487217       5.03565311    
   13.2183657       11.7286463    
 -0.502184629       13.8162985    
   2.83953285       17.8805218    
   10.1703501       8.52422523    
   1.92045105       15.9322987    
 -0.605414450       2.63988876    
   4.15108681       18.0226631    
   17.0013561       13.8702116    
   19.1724377       2.66151237    
   8.94011021       19.2249336    
   4.72116327       19.0882683    
   9.77906513       12.5589962    
   1.72475719       2.03455043    
   9.09474468       12.8911810    
   17.4149361       15.6864624    
   13.0187902       10.3615780    
   6.71958637       3.61870050    
   3.51194048       1.80256820    
   15.0308781       1.19536150    
   10.4071159       11.6215429    
   1.98974478       4.22710466    
   8.97107220       5.33890104    
   9.79953480       5.91218328    
   3.58739543      -4.02006879E-02
   3.64643645       19.9307289    
   8.54828930       14.8301029    
   7.88219547       15.4657679    
   6.93082571       13.3244171    
   1.70397234       1.59676921    
   16.6001244       6.75735188    
   10.6479912       14.4174156    
   12.7889385       8.20479679    
   8.05946636       18.4356594    
   9.10026932       3.67580771    
   16.8093433       12.7088299    
   16.6335392       18.9884777    
   16.7535057       5.92157507    
   1.59264088       3.81987476    
   18.4132481       17.1662388    
   9.13151836       15.7473812    
   7.87549067       17.5676174    
   3.19850731       3.36350203    
  0.990133345       12.5094795    
   15.8387861       6.56371546    
   11.8493109       11.0035629    
   15.6268616       3.28257275    
   11.5242910       18.6936989    
   20.4976273       4.17691565    
   14.8406630       7.83673620    
   8.63512897       2.06744981    
   17.8849945       11.5816879    
   4.24233627       8.39060211    
   15.3495369       18.7189312    
   1.88519728       15.6528387    
   10.1651030       18.9793606    
   3.00894928       14.0762987    
   10.0220404       11.3146667    
  -1.10619903       5.27642536    
   7.64730501       5.86533546    
   13.1406078       16.3792114    
   18.6155834       12.7277088    
   8.07940769       12.3454208    
   6.65824509       16.3734341    
   3.68251944       7.87785006    
   3.74030948       20.1488667    
   1.55665278       15.3888426    
   15.7674370       8.41147232    
   11.6482658      0.652832210    
   19.3654366       8.60562706    
   3.98458791       1.09871876    
   2.25614810       3.02525067    
