   17.1303616       12.5351601    
   7.06521034       11.6381617    
   9.54154110       10.0965261    
   14.2055092       12.8341236    
   7.06063461       20.0757599    
   4.47101402       2.06071663    
   1.14227617       3.94784331    
   7.78321886       7.89443350    
   1.71003485       1.60540533    
   12.8682232       14.0960255    
   2.03021169       8.67925453    
   12.5741882       14.0640297    
   10.9678020       7.89280653    
   15.0448589       3.20176101    
   4.97550440      0.421802133    
   2.77991939       1.07325625    
   19.4549770       2.26667047    
   4.76510000       10.4446583    
   7.27712059       20.6503448    
   16.0686150       12.5446262    
   14.4441128       4.23253441    
   14.9447222       12.1971445    
   2.31190300      -1.32054901    
   9.26746273       16.9087601    
   13.0414248       18.8812447    
   9.20966434       21.1549301    
   2.99510646     -0.924817681    
  0.700357199       20.1013927    
   14.2245054       5.81776714    
   15.2175503       12.9186430    
 -0.950375378       10.9488859    
   2.43546629       16.8568516    
   11.3928413       7.67547607    
   1.87480521       15.3882074    
 -0.737661183       2.40464950    
   2.46062112       15.6836996    
   17.1272011       14.1150303    
   18.9243870       3.83861446    
   9.12649632       18.3651142    
   4.31229973       16.9266109    
   10.0716372       13.9148531    
 -0.952510893       2.76413798    
   9.43220997       13.3019724    
   16.6597652       16.9806194    
   13.3037338       9.30106926    
   4.51973343       2.95003510    
  0.904156864     -0.537174046    
   17.3727684      -1.03431809    
   11.1076221       11.7888947    
   3.39699864       4.89551973    
   10.0089226       4.45981550    
   10.1069593       3.36247706    
   5.88132763      0.432474554    
   4.86682892       19.5682945    
   8.50201797       14.9497108    
   6.77250719       14.8006296    
   6.83203220       15.4907656    
   2.60114646       2.26676607    
   17.4985485       5.11152935    
   10.8318701       14.5488243    
   15.1582222       8.44196987    
   9.05007553       18.2611427    
   11.2800827       5.90382481    
   18.0664310       14.2539663    
   17.7684078       19.4818077    
   15.2072668       6.43091249    
   3.07467198       2.58981848    
   18.5526772       14.9076700    
   9.39707184       15.2614803    
   7.89649582       19.7582150    
   5.20643711       2.49257660    
 -0.985181570       14.7605114    
   15.3731680       5.34659815    
   10.5459700       11.2516012    
   17.3251266       1.87932777    
   11.8991261       19.2654858    
   20.3709755       3.85707092    
   17.1416187       9.79849052    
   11.5074425      0.550290644    
   16.5054169       11.8686657    
   4.18473339       10.5838432    
   14.7728224       17.5631866    
   2.70523834       13.5966053    
   10.6466846       18.7948151    
   4.77939081       15.7171516    
   9.60456848       8.80189705    
  -1.66620290       2.11205053    
   9.58661270       7.78638840    
   13.2646084       17.6575565    
   17.5125847       13.5667582    
   10.0913048       13.4693050    
   5.75358677       15.0358496    
   5.74528122       8.67898178    
   4.11888885       21.3456631    
   2.26617742       17.0127811    
   16.5286598       8.59075069    
   8.48433113       1.30145597    
   17.7414780       8.48775387    
   5.18073225       1.09947300    
   2.86690044       5.25052071    
