   17.6781826       13.1513481    
   5.29378128       11.9152994    
   10.6483059       11.2045603    
   12.9455442       12.8577108    
   8.25840664       22.1930180    
   5.68466330       1.49777043    
  0.898103893       3.39579892    
   9.72999763       7.14971447    
 -0.207092062       1.55504227    
   15.3554525       14.3931990    
   1.88390374       8.77163506    
   12.2415323       14.2790022    
   9.93147278       6.22590637    
   16.0624790       2.84344697    
   4.90296030       2.84844685    
   1.17567694      0.583947599    
   18.4017029       1.88069403    
   5.73065042       10.8164768    
   6.99073696       21.5252724    
   16.1544991       11.4789200    
   15.4730635       1.64086592    
   14.9044170       12.1667366    
  0.981721640      -1.38323975    
   7.62499905       18.2612514    
   11.2000914       20.0138016    
   10.0693398       22.7465801    
   2.90223336      -1.87236583    
   1.57316256       19.3598385    
   13.7610569       5.15792084    
   15.6589117       11.9513626    
  -2.14834094       9.25431538    
  0.782252848       15.5833664    
   9.42438793       6.84145164    
   2.14618540       15.9066629    
  -1.40169811       2.08707237    
   2.23623514       14.3635273    
   17.4613304       14.2792072    
   18.6528301       2.38406420    
   8.07312584       18.9719887    
   3.66064095       17.9342136    
   10.4646168       13.4217978    
  -8.11367482E-02   4.24041605    
   10.1333256       11.9012156    
   16.6698856       15.3372917    
   14.6871214       10.4064016    
   4.00730133      0.644582033    
  -3.02238706E-02  -2.13491392    
   17.2303047     -0.637718737    
   9.49233913       10.8440952    
   1.18190908       4.75632715    
   11.8292055       2.33250833    
   11.0007877       3.43194580    
   5.86998081      -3.55675630E-02
   3.86201572       18.9728203    
   8.37491608       16.7280617    
   6.08273888       13.6291838    
   6.46365547       15.8793459    
   1.68670201       3.35903955    
   18.6341686       4.21738386    
   9.63096237       14.9955177    
   17.0620022       8.39756870    
   8.55877399       17.2501545    
   12.4715538       1.94692826    
   18.6102982       11.5236912    
   18.4481602       18.1118526    
   13.6852541       7.81048775    
   1.50848639       4.48684978    
   19.8982239       14.9460258    
   9.03899002       14.6128540    
   9.32944870       20.2171936    
   4.32540560       1.69667923    
 -0.872120678       15.3589211    
   16.4390049       5.50046492    
   11.3464260       10.9007854    
   17.5428600      -1.06840527    
   10.6626081       17.6618958    
   20.1879025       1.62781799    
   14.5767355       9.69622040    
   11.4770441     -0.814914644    
   16.7427883       11.9015102    
   2.82842517       12.1896324    
   15.3638058       16.5721855    
   3.41427875       13.8121738    
   11.3214607       18.2195835    
   2.45498967       16.4825382    
   11.2508860       8.60706615    
  0.577817559       1.25902498    
   8.51842117       10.2359400    
   12.5653448       17.0819893    
   16.4807339       14.2099962    
   10.9465580       13.0370035    
   5.01381254       16.1223736    
   5.84847498       10.3354921    
   5.88643169       22.4085636    
   1.39405370       16.9263592    
   17.5515461       7.92759228    
   9.44302559       1.06672943    
   16.7559719       7.28804636    
   2.95797968      0.874309182    
   2.48282933       5.01424599    
