   16.9002743       7.11677456    
   3.98013425       11.9481039    
   10.7579231       10.4542789    
   6.53455496     -0.166845471    
   8.41561031       14.3656273    
   16.6638126       15.3935986    
   12.0383263       7.97774887    
   12.6592216       9.56334496    
   8.77132034       5.69089031    
   15.6686888       5.43834400    
   5.18812227       16.5560646    
   13.6271429       11.6722736    
   7.63076639       11.2095871    
   3.30278683       15.0273790    
   12.1057825      0.777758658    
   1.95908904       13.2268066    
   1.00234699      0.485149711    
   13.9809990       17.9942074    
   6.69608498       6.17988729    
   2.00947523       19.0511360    
   14.5264397       18.2736301    
   7.38551331      -8.86383653E-02
   13.6991758       12.5548000    
   8.43402863       1.57883382    
   7.73119593       10.6242123    
   10.7543249     -0.337381452    
   8.71693897       12.7941809    
   3.80513358       12.1081448    
   1.09650016       10.5390778    
   13.4031286       13.1958694    
   21.0285759       12.4100714    
   10.7225418       6.90017509    
   13.7213640       7.73207903    
   1.06537676       10.7812328    
   4.28188419       6.77356815    
   3.11099434       6.61192989    
   4.69568443       15.0181007    
   1.92422426       16.4732285    
   2.86840558       5.75690222    
   3.77141523       3.72880411    
   4.26943493       9.64739990    
   16.6051064       18.4570808    
   5.90560818       1.75643456    
   20.0677052       12.6333380    
   13.9525108       3.83695698    
   1.19392991       14.2408943    
   6.89827585       5.53336048    
   6.29326057       18.9536819    
   9.85586643       5.56213856    
   10.8011646       11.3543301    
   9.83692169       1.49053764    
   20.0458870       14.6717739    
   6.49984837       8.08480549    
   9.64067268       19.9250488    
  -7.01322779E-02  0.901988566    
   6.76668024       9.78244591    
   1.78168905       12.5368729    
   12.2294664       6.98761797    
   18.4680557       6.87270641    
   11.8321772       23.8122997    
   19.5246639       5.87170839    
   6.67206621       2.02860379    
   2.99959493       10.5508175    
   15.1819878       4.78834248    
   14.8862267       5.52823973    
  -1.03357530       2.15921354    
   5.14157677       8.51185036    
   16.2624588       11.1194344    
   24.4654160       1.10652876    
   6.49616528       6.61432743    
   16.1209774       9.50757313    
   2.81222177       8.64223957    
   8.49168110       18.2324314    
   14.8219337       1.72768807    
   11.4381733       20.0988674    
   9.44876766       13.6857128    
 -0.870603025      -1.18933487    
   8.94674587       2.71811581    
   8.34757710       14.2615280    
   4.51253939       16.9335136    
   16.4655609       17.9082069    
   3.04816985       6.78316927    
 -0.171285033       15.1581841    
   11.0525026       9.64183998    
   18.4267673       11.0908699    
   2.82257438       10.8051691    
   16.5917282       22.5502110    
   7.39242983      0.361432403    
   7.66868925       2.12758207    
   20.8383083       15.0471287    
  0.523920298       20.3225346    
   1.43074489       4.56317520    
   12.3035975       4.24020195    
   3.51101661       3.35705543    
   4.96915197       20.9246655    
   8.62887573       6.93802595    
   4.67412376       12.9351845    
   3.43662786       11.3244696    
   15.7767057       12.9147997    
   3.99878049       4.28696442    
