   16.9762230       13.3034458    
   7.06812477       11.4506092    
   9.97909355       10.1565638    
   14.4034853       12.4744253    
   7.83789968       20.2543049    
   5.44625902       2.10756040    
  0.932221591       3.27702522    
   9.23409081       7.68993378    
  0.682948053       1.21635842    
   13.9088840       14.2199802    
   2.03105736       8.44817734    
   12.0509815       14.2782669    
   11.2935991       7.97385168    
   15.1853848       3.73967552    
   4.89475155      0.373751879    
   2.43577337      0.365924358    
   19.1874218       2.03194833    
   4.65816069       10.3375149    
   7.42405605       20.3800697    
   16.0996590       11.9163847    
   15.3004780       2.67759395    
   14.9836464       11.8275166    
   2.64630675      -1.79695988    
   9.11027050       17.9993496    
   13.3788042       19.0544453    
   8.94633102       21.6106262    
   3.27985382     -0.876087010    
  0.966145337       20.5213604    
   15.0213509       6.26671791    
   15.6789274       12.9225950    
  -1.54490519       9.62862968    
   1.48453796       15.6790953    
   10.7727652       7.49435854    
   2.88444591       15.5297832    
 -0.866672575       1.89372218    
   3.00299144       15.2760124    
   17.6803055       13.9397030    
   18.4634914       3.78661227    
   8.01834869       18.7805004    
   4.80513859       17.6489525    
   9.64628029       13.3437977    
 -0.311446428       2.82654333    
   9.86067963       13.4633961    
   16.6440258       16.0110283    
   14.0013971       10.0648222    
   4.58665848       1.88239980    
  0.765726626     -0.619785070    
   16.7378826      -1.28485715    
   10.8469687       12.1552258    
   2.45436168       4.87356806    
   10.9752073       3.82356286    
   10.7472458       3.76657391    
   5.74910545      0.748874784    
   3.82533240       18.8265514    
   8.61917973       15.1957912    
   6.47145891       14.9038076    
   6.94840574       15.4626017    
   2.09615183       2.98488402    
   17.9405422       5.10894871    
   11.1638269       14.6800127    
   16.1201305       8.97424126    
   8.78886414       17.9134998    
   11.1435480       4.47424316    
   18.1863842       12.9637251    
   17.9852810       20.1257038    
   14.3117399       6.74930048    
   2.94590735       3.34518266    
   18.9602108       14.9759483    
   8.97768307       14.8985691    
   7.76473761       20.5729046    
   5.05854559       1.94118369    
  -1.24422288       15.2622757    
   14.5166731       5.47177744    
   11.4944191       11.8345861    
   17.5677605       1.44134557    
   11.7083416       19.0501614    
   20.7206402       3.34107947    
   16.7876701       9.95321274    
   11.3957710     -0.611756682    
   16.7232170       11.5340910    
   3.36383986       11.3660545    
   14.9016447       17.8260536    
   2.88508034       12.8343115    
   11.0283670       18.6111794    
   4.25046492       15.7407522    
   10.4988871       8.92137146    
  -1.18629503       2.44692969    
   8.92560387       8.85821915    
   13.0824718       17.3745823    
   17.1920948       13.8899012    
   10.0687332       13.5464430    
   5.65571451       15.2942562    
   5.33059645       9.96323967    
   3.89389014       22.0108109    
   3.03875613       16.9911842    
   16.1297626       8.83348560    
   8.72965145       1.06927705    
   17.9938622       8.80640984    
   4.38380146       1.80613256    
   3.42236447       4.29448366    
