   16.7221508       12.6542053    
   6.88620281       11.1833096    
   11.4422464       10.0203800    
   14.1048374       13.0582457    
   9.20012856       20.1869488    
   5.34629583       1.23490977    
   2.35063505       3.18262148    
   9.24116898       8.85253334    
   1.04298675       1.57466674    
   14.5938044       16.0146656    
   1.54188144       9.83054924    
   12.5250368       14.2142935    
   10.1758327       7.83928728    
   13.3350515       5.89382935    
   3.03469825     -0.650739670    
   3.93434405       1.89594662    
   18.0883121      0.387130469    
   5.15680599       10.1290874    
   7.37205172       19.4128723    
   16.9518375       14.2686977    
   16.2768631       2.91455221    
   12.4765015       14.1559925    
  0.967806101      0.278323442    
   9.42622566       16.7623768    
   12.8986311       18.0079823    
   9.21991444       20.1271477    
   2.98313046     -0.274982899    
   1.30454743       19.7714729    
   12.9590864       5.44865131    
   13.2112541       11.6009722    
   7.09740743E-02   13.3394003    
   2.89673495       17.1450748    
   10.2291603       8.70093346    
   1.91900098       15.9246187    
 -0.408972442       2.64060879    
   3.93598938       17.7389431    
   17.0053806       14.3739204    
   18.5576210       2.23887420    
   8.55627251       19.3758793    
   5.57422495       19.6403294    
   9.94465160       12.3854342    
   1.08264589       2.43052077    
   8.50884247       12.8191166    
   17.6185837       14.9946156    
   13.2600842       10.4034328    
   7.34221315       3.87804294    
   3.80415154       1.49184358    
   15.1590290      0.671883166    
   10.3493462       11.2945299    
   1.56119132       3.81522036    
   9.57978153       5.15018129    
   10.8774338       5.63469315    
   3.40809560     -0.158606157    
   3.30102801       20.0317917    
   8.10347652       13.8741198    
   7.42019558       14.7418242    
   7.05477810       13.1738644    
   2.32771420       1.26482630    
   16.7704296       6.44586754    
   11.1736298       14.4308662    
   12.6594753       7.89700556    
   7.80785275       17.9528828    
   9.29821491       3.87072158    
   16.8699379       12.6600380    
   16.6493645       19.6479168    
   16.4731331       6.10622597    
   1.20266461       2.70827818    
   18.5416679       17.4430161    
   9.33705330       16.2494545    
   7.27073288       17.6444206    
   2.88087320       2.91367602    
  0.675581336       11.9987631    
   15.9233294       6.20270491    
   11.9355459       11.3948898    
   16.1922722       2.72764874    
   11.2176189       19.2413616    
   20.3057060       4.04131794    
   14.8146152       8.28372574    
   8.47497082       2.68189263    
   18.1538315       11.7289753    
   3.90160584       8.35258961    
   15.0255079       18.3186264    
   1.81079292       15.5340185    
   10.1142855       19.0843620    
   2.84699035       14.4017467    
   10.2796574       10.4579353    
  -1.40577745       4.36355972    
   8.67153263       6.16879463    
   12.9258909       16.4311562    
   18.1729317       13.3721972    
   8.54941559       12.1580925    
   5.89913654       16.4725647    
   4.14927149       7.76265478    
   3.87802863       20.3978996    
   1.08132255       15.9169893    
   15.9064350       7.74194622    
   10.9263773      0.672803342    
   19.1535091       8.94286823    
   4.31626034       1.19345653    
   1.77423143       3.71729136    
