   16.9576855       13.1401587    
   7.32031202       11.6813641    
   9.68962288       10.0430336    
   14.4680538       12.4684429    
   7.74123240       20.5036793    
   5.33937645       2.38035917    
  0.947295606       3.24155879    
   8.96964931       7.63814831    
   1.01284122       1.00588953    
   13.6792622       14.1867743    
   1.83701873       8.59748840    
   12.2583666       13.9476414    
   11.5096970       7.89096642    
   14.8792553       3.79749274    
   5.08801794      0.221262291    
   2.43923616       4.65785414E-02
   19.2178764       2.04994011    
   4.84814930       10.0514860    
   7.18287277       20.1900520    
   15.8758202       11.9851761    
   15.3459549       2.98484516    
   14.6838331       11.6626234    
   2.53063726      -1.68283248    
   8.91395664       17.7696781    
   13.3116989       19.0769768    
   8.71228218       21.7256145    
   3.34598064      -1.22268438    
   1.14094567       20.5619297    
   15.0962305       6.26571512    
   15.7092276       13.2510738    
  -1.40070462       9.91914654    
   1.76160502       15.7289057    
   10.5822821       7.37883615    
   3.10807109       15.4816990    
 -0.759154320       1.60065544    
   2.96899867       14.9534731    
   17.3853855       14.2737341    
   18.1271820       3.94649291    
   8.12747097       18.6498127    
   4.55370140       17.4889717    
   9.62791252       13.3416395    
 -0.389997602       2.90702844    
   9.86765575       13.7638054    
   16.3819447       16.2890148    
   13.8455706       9.78487015    
   4.63015366       1.56334317    
  0.604084253     -0.521065295    
   16.8732910      -1.08442581    
   10.8142719       12.0767403    
   2.46979666       4.58348656    
   10.9118958       3.91906762    
   10.6329823       3.59843683    
   6.02357388      0.575658739    
   4.01476002       19.0759468    
   8.81078625       15.1703043    
   6.42233229       15.2308397    
   6.86647367       15.2333412    
   2.12394977       2.72548199    
   17.7716503       5.22645473    
   11.2568750       14.6146593    
   15.9006805       9.01764584    
   8.81511784       17.9864979    
   10.9325209       4.23583984    
   18.3944569       12.8699331    
   18.1313744       20.1936779    
   14.4001913       6.63953781    
   2.93127823       3.64088583    
   18.8362694       14.9226227    
   8.89658165       14.5498905    
   7.67275333       20.6408958    
   5.10145235       2.16018939    
  -1.18187821       15.3899937    
   14.8545647       5.26041842    
   11.3171234       11.8136282    
   17.6869259       1.12767160    
   11.5025387       19.0923920    
   20.4271183       3.36322689    
   16.5930405       9.94489002    
   11.4612598     -0.312041521    
   16.8833485       11.3932762    
   3.06743121       11.1581173    
   14.9319000       17.9149113    
   2.61295485       12.7453756    
   10.8402224       18.5034599    
   4.43997097       15.5863953    
   10.2097588       9.23492336    
  -1.19447637       2.78035879    
   8.95932388       8.81702709    
   12.8354654       17.3270283    
   17.2283745       13.9638090    
   10.0563021       13.6782284    
   5.82782793       15.2735195    
   5.10204458       9.65338802    
   3.57646704       21.8880920    
   2.71437550       16.6913719    
   16.2314205       8.89901543    
   8.45885849       1.40871847    
   17.6914444       8.81458759    
   4.10621595       1.50059247    
   3.25706768       4.57043839    
