   16.4617481       4.90271521    
   3.32023311       12.6861658    
   12.6057568       10.2321777    
   6.08476734      0.330418080    
   11.0125437       15.6587534    
   15.3283834       16.6579895    
   9.43448257       7.77255821    
   13.4069948       5.13938904    
   4.21414518       3.71478987    
   16.1810646       7.16890383    
   7.18694687       15.8434010    
   14.3705959       9.43062782    
   6.94328308       11.8142166    
   1.69231260       13.6172924    
   12.1436443       1.49912751    
   3.43433738       13.0809593    
   2.80765367       1.16773033    
   13.0183563       17.5618515    
   10.4434566       7.31984711    
   2.37266302       16.0872269    
   14.9461765       17.5078640    
   5.43007994      -1.22510266    
   15.0689011       10.0919285    
   10.5508041      0.177886635    
   7.02657604       8.94912434    
   12.5257244       2.49080873    
   9.29651833       12.6220846    
   3.92057419       10.4469891    
  0.954511642       12.1293354    
   13.0408449       15.2124453    
   18.0236359       8.87548065    
   8.43331337       7.29656696    
   13.8272886       4.07372761    
   1.50803268       11.6505604    
   2.75331593       6.04379082    
   3.24993253       6.45796824    
   4.78892374       17.8646336    
   2.47736049       19.0630760    
   7.06142807       2.98545313    
   2.49056292       1.81199276    
   5.15923786       9.77536964    
   16.8130131       19.9507008    
   4.91118288       2.47036052    
   18.1443310       9.51812840    
   13.4932203       3.15736604    
   1.17337346       14.9759054    
   10.1950960       6.36211348    
   6.34367085       19.2080669    
   10.9123001       4.93496037    
   12.4241943       10.3660870    
   6.98212576      0.256853789    
   16.6361904       15.1732607    
   8.50604630       9.35354996    
   7.63185406       18.5368633    
   5.80435283E-02   1.00438929    
   5.38911200       8.79618931    
   2.39239979       8.17812252    
   15.1876268       7.17105389    
   19.3853302       8.68336201    
   13.1335058       19.4429073    
   17.1721230       7.45174789    
   3.93235517       1.10168016    
   2.17664862       7.75528908    
   15.8726721       4.34138584    
   14.7396202       6.17845440    
  0.708431244       2.07267833    
   4.85476732       9.60989189    
   17.9006882       12.8150988    
   19.6226730      0.728572726    
   5.68710995       5.81288290    
   16.2450333       9.76142120    
   1.70710695       8.75485039    
   9.35087490       17.3463039    
   18.1312256       3.37421679    
   13.1224165       19.6877823    
   6.87070942       11.9938622    
  0.194960803     -0.951705754    
   10.9729099       5.86141348    
   5.84949589       14.9996595    
   2.22386718       16.6694717    
   15.7479887       18.4425526    
  0.621819556       5.95924234    
  0.324501097       12.7031088    
   12.1933260       9.44708157    
   13.1787415       9.05496693    
 -0.275189936       10.6029110    
   14.4824781       19.4817734    
   2.92754102       3.46727705    
   9.97927380      0.758867025    
   17.4631405       16.9843063    
   1.97480249       19.5577717    
   1.02864659       5.88774252    
   10.0016270       5.12511730    
   4.15277815       2.39207482    
   3.08280587       19.1152592    
   9.42277813       3.58003950    
   3.66964626       10.8120003    
   4.27397633       12.8044548    
   13.8376560       13.0817518    
   7.21929073       5.54278421    
