   16.3769741       5.62675953    
   3.61631227       13.4877234    
   11.1178112       9.93803883    
   6.29108906       1.10188735    
   10.0272551       13.4636631    
   16.4227180       16.3322735    
   13.2636929       8.19532108    
   12.6801720       8.32155037    
   7.52160835       5.23633432    
   17.1740894       5.71599960    
   6.48872519       16.0967999    
   15.0783033       11.7351618    
   7.10143089       12.2615805    
   2.59493184       13.8035965    
   11.6285553     -0.405292362    
  0.763213694       13.4577770    
  0.458252877      0.146423385    
   13.5963469       19.4278889    
   7.79127073       4.54051924    
   2.28218937       18.0002842    
   13.6856556       19.6465454    
   8.00751877     -0.560229778    
   15.1730680       12.4584417    
   8.59315300       1.06028855    
   7.47214079       8.71710110    
   12.2140436       1.05664623    
   9.59168148       12.9673786    
   4.34443283       11.6111012    
   1.07245171       11.7846670    
   13.7708712       14.6210527    
   20.3162518       10.6257658    
   12.0291519       8.97921467    
   13.0851440       5.27369022    
   1.03080130       11.4560566    
   3.41418076       6.24833584    
   3.76378608       6.19356441    
   4.18233490       14.5238752    
   2.36897397       17.4725227    
   5.09019756       5.19132805    
   2.96102929       3.21575093    
   3.99849248       10.9344501    
   16.1809120       21.0298672    
   7.42029285      0.898074210    
   19.5397854       10.5893373    
   13.2978935       3.54976392    
   2.04057598       12.8393869    
   7.84534645       5.22858763    
   6.57972050       18.8628979    
   10.1893511       4.86357880    
   11.6189127       11.9329309    
   9.45061111      0.663975120    
   19.3843403       15.1408768    
   7.43574810       8.14313984    
   9.52361012       19.3756981    
  -1.02355063       1.03526139    
   5.20684719       9.72164536    
   2.18833208       9.83077431    
   14.0062561       6.88276958    
   19.8690147       6.80840302    
   10.0649137       22.0722523    
   20.6298714       6.44637346    
   6.22741270       1.40300906    
   3.48255825       11.1092834    
   16.3029938       2.70975208    
   15.2575846       5.17477798    
   1.05187392       2.34024239    
   5.49868631       8.47823334    
   18.0370636       10.5225401    
   22.1609879       1.12776649    
   6.68239307       6.30278111    
   16.4500484       10.4441166    
   3.48133302       9.71142673    
   8.45497513       17.5185661    
   17.3456249       3.09314394    
   11.7536011       19.5845242    
   9.19336796       14.3694649    
  -1.28780246      -2.82982564    
   9.10870647       4.21400785    
   5.80258036       13.3843079    
   3.23344183       15.5354805    
   15.4460020       17.9782963    
   1.47660506       6.51923800    
   1.03862774       15.2116585    
   10.7561226       9.32601070    
   16.6376801       11.3267813    
   3.38460708       11.7737446    
   17.7354870       22.4283066    
   4.11270237       1.53294015    
   7.96736145       1.50087762    
   20.5955029       14.9589415    
 -0.521699905       19.5478268    
  0.905994236       5.05548048    
   11.0947418       4.39799166    
   5.13819075       3.03549242    
   4.14192057       19.1952152    
   10.4709768       7.16531324    
   4.41447735       10.8561106    
   4.28518915       11.8989973    
   14.9347334       13.4360085    
   5.90099716       3.32821345    
