   16.1597290       11.9786806    
   6.57542419       11.3371305    
   11.9002533       9.62073708    
   15.8952360       11.8265734    
   7.93868446       18.4773254    
   5.14597559       2.14378786    
   1.63127267       2.99826193    
   9.56553745       7.50352859    
  0.503914237       1.32591867    
   15.5046549       15.9969168    
   1.64046848       8.84770012    
   13.0282679       13.7275896    
   10.2752504       7.41327143    
   12.1748285       7.21409988    
   1.41777265      0.451831102    
   3.25132036       2.11650538    
   17.0955410       1.32452452    
   5.62004900       11.0344639    
   6.95803499       18.6276455    
   16.8713245       14.1583672    
   16.5533867       2.49117827    
   13.5506916       14.0598297    
  0.744228482       2.48638558    
   8.91503048       17.0101585    
   14.4304428       18.4538670    
   8.03733826       20.0031452    
   3.06343555      0.461810470    
   1.45997095       19.2716694    
   13.7387972       4.96562862    
   11.6820116       10.9599085    
 -0.433040053       13.5972548    
   2.99824834       18.5292454    
   10.3297415       8.55407810    
   1.63509655       15.8013935    
 -0.489916325       1.85775304    
   3.99673223       18.1043777    
   17.4190865       14.2301378    
   19.2306690       2.06945944    
   8.55978203       18.6863461    
   5.41146803       18.9419041    
   9.31005955       13.0772552    
   1.58329237      0.936216176    
   8.65599918       12.1515484    
   16.3372440       14.9507456    
   12.9112968       10.8348894    
   6.90898800       2.90011883    
   3.18400192       2.07343864    
   14.3790169       2.06995225    
   9.24536324       10.4095078    
   2.70349646       4.73949051    
   9.10876274       4.76444912    
   8.42621517       5.16424608    
   3.25244546      0.683161318    
   4.57938671       20.4611015    
   9.43342972       15.7768393    
   8.68863869       14.3754511    
   7.56616735       14.9661598    
  0.992450416      0.370213538    
   15.7829456       6.27121449    
   9.86914062       14.9439135    
   12.6771870       8.29367542    
   9.00005341       17.1928005    
   9.01814175       3.91067719    
   16.1077385       12.1766119    
   16.1530952       19.2811680    
   16.9137897       6.80607796    
   2.59100604       3.36840129    
   17.6980858       16.9503803    
   9.04446888       16.1366253    
   9.06428814       18.3608494    
   3.59553337       3.17300963    
   1.52126336       11.4115982    
   15.9374046       6.88253450    
   10.9097843       10.8893633    
   16.0502853       3.65031719    
   11.2142172       18.3038521    
   19.5632210       3.69227552    
   13.9996710       6.24094629    
   7.96519232       2.04211402    
   17.5737762       12.4549198    
   5.02911472       8.07999420    
   15.4128532       19.6277084    
   2.89111376       14.7221527    
   9.19604969       18.9002781    
   3.30069208       13.5324669    
   9.81073284       10.9904404    
  0.458944499       4.12230206    
   7.32416534       7.55596352    
   14.4074383       16.3311081    
   18.4083328       12.1875248    
   7.98911142       12.7109385    
   6.91040421       15.7400188    
   2.49048281       6.82002449    
   4.11835241       19.6410236    
   1.43867290       15.5269537    
   15.7053585       7.37731504    
   11.9834843      0.557325304    
   19.6176472       8.95577335    
   4.25702143      0.923583984    
   1.21419299       2.82632351    
