   16.7375641       5.74384212    
   3.45211244       12.7106085    
   11.6928711       10.8243828    
   6.09046602      0.834700644    
   9.16085720       13.5516205    
   16.1733589       15.7066135    
   12.8587742       8.10202694    
   12.8539419       8.10984135    
   8.41999817       5.73202753    
   16.8348637       5.69022036    
   5.96578932       15.3317757    
   14.9946852       11.0659523    
   7.36008120       11.8137455    
   3.13067484       13.0226173    
   11.0613804     -0.292459249    
  0.577852249       12.8597145    
  0.906560421      0.244632110    
   13.8982325       19.2803688    
   8.13129902       4.32890511    
   2.03179312       17.8613701    
   13.9778252       19.9855938    
   8.58278465     -0.579718351    
   14.5366154       12.5990553    
   8.85662556       1.51987791    
   7.62368345       8.98874760    
   12.1295595       1.26116681    
   9.41898441       12.9936476    
   4.11822701       10.9980860    
   1.39087152       11.2062216    
   13.6973686       14.6071949    
   20.5029507       11.2643862    
   12.1281719       9.19976807    
   13.0041199       6.15383911    
 -0.126698643       11.3585920    
   2.89646745       6.23860645    
   4.27508402       6.44033480    
   3.93683887       14.9400072    
   2.80552959       16.7912884    
   4.50150394       5.52537060    
   3.17447186       3.17585778    
   3.94198847       11.8776226    
   15.9864435       20.5107460    
   7.47341061       1.20008481    
   19.5335617       10.1748724    
   14.0630522       3.68804479    
   1.98266077       13.1733189    
   8.04895401       5.65147352    
   5.69836712       18.9891033    
   9.73519993       4.85964775    
   10.9562874       12.2456121    
   10.0120983      0.846401930    
   19.6671982       15.7258282    
   7.28464365       7.74007511    
   10.0405922       19.8309021    
 -0.517750740      0.415067554    
   5.95227098       9.31890202    
   2.37149906       10.4763422    
   13.7888985       7.05114222    
   19.5091381       7.26814461    
   10.6488409       21.7645187    
   20.9894447       6.37096167    
   6.43295860       1.14683402    
   3.78049898       11.3453150    
   16.2350731       2.35459328    
   14.4698296       4.28847790    
   1.36050093       2.79667449    
   5.39173698       8.66100979    
   17.5797386       9.94760132    
   22.4076347      0.956093729    
   7.78226042       6.48747492    
   16.8949585       10.2843018    
   3.01441693       9.23744583    
   8.20947456       17.5250912    
   16.5851517       2.20906639    
   12.0398073       19.9229031    
   9.20095158       14.9540510    
 -0.730148733      -2.77773404    
   9.00010300       4.55526686    
   6.42340183       14.0122681    
   3.39956832       15.6470032    
   15.7368145       18.2760658    
   1.36448598       6.15489388    
  0.991090059       14.8277369    
   10.5331755       9.20824623    
   16.2114716       11.4606285    
   2.85530090       11.4503784    
   17.6497955       22.9503613    
   4.36731052      0.897008419    
   7.27277327       1.37868118    
   20.1712818       14.8178940    
  -4.82196063E-02   19.2945957    
  0.438970476       5.38875103    
   11.1487732       3.72209191    
   5.11214781       2.98967505    
   4.34276199       19.1263657    
   9.62840939       7.32853985    
   4.52775955       11.4083614    
   4.03721762       11.8648758    
   15.0841808       13.5747204    
   5.17087507       3.74740863    
