   15.8433838       11.9716988    
   5.97301149       11.0846424    
   12.3494339       9.61975861    
   16.3597126       11.7860107    
   7.34946489       18.8933220    
   4.14758158       1.81204808    
   1.48611450       2.74704289    
   9.34909821       6.66160965    
  0.531773746       1.51776981    
   15.0914879       16.4136295    
   1.77605045       8.94236088    
   12.9695663       13.3109560    
   10.7791824       7.33276653    
   11.9706287       6.99428844    
   2.06187415      0.328513265    
   3.81652355       2.08770680    
   16.3908215       1.47247660    
   5.53354073       11.0413609    
   6.85611963       18.5413074    
   17.3081875       14.6597891    
   17.0408630       2.66896772    
   14.6831512       14.3737125    
   1.06814098       2.28029728    
   8.81478405       17.3466167    
   14.8276825       17.9357738    
   8.21713448       19.3380985    
   3.70093369       5.11744767E-02
   1.38347447       19.6441364    
   13.5617294       4.83617973    
   12.0547466       10.7013874    
  0.193255469       13.4636660    
   2.95375419       18.1857204    
   10.3996420       8.76492786    
  0.728499711       15.8905954    
   6.65827980E-03   1.78971004    
   4.69241667       17.6528225    
   17.3895435       14.4510317    
   19.3488045       2.00290751    
   8.06727600       17.8508453    
   5.49241686       19.0898781    
   9.33257580       13.4854641    
   2.03370380       1.10844469    
   8.80443668       11.7392254    
   16.7488194       14.8790970    
   13.3802662       11.1613264    
   6.45605755       2.56279755    
   3.37151241       2.45036483    
   14.2456274       1.99952519    
   8.91710377       10.6185455    
   2.50860405       4.52340841    
   9.65487766       3.73037004    
   8.02052879       5.04976654    
   2.83234382      0.104703337    
   4.59708309       19.8159904    
   9.44711494       15.6852827    
   9.37712860       13.9766855    
   7.81214905       14.8673372    
  0.562927544       1.13591254    
   16.0206146       5.99078131    
   9.74813175       15.5442200    
   12.2670736       7.90913582    
   9.41786003       17.0805206    
   8.85675049       3.89031243    
   16.3330231       12.3848858    
   16.2888603       19.3423290    
   16.6233902       6.82670736    
   2.43710184       2.52028990    
   17.3449574       17.5413208    
   9.35277748       15.7833719    
   8.44791794       18.2605629    
   3.37063122       2.97904587    
   1.23738933       11.4626036    
   15.9462261       6.77848148    
   10.7253103       11.3745766    
   16.7702503       3.66966748    
   11.4027166       18.4487019    
   18.9364166       3.29313064    
   13.7164831       6.02329063    
   7.68071508       2.52810717    
   17.2750015       12.5902710    
   5.41650295       7.70309925    
   15.1134319       19.6916389    
   2.47784042       14.3192072    
   9.18798447       18.9127827    
   3.39131021       14.3527241    
   9.51084805       10.5286884    
  0.852033496       3.83840966    
   6.74752760       7.76060724    
   14.1258669       16.8995724    
   18.8314190       12.4720764    
   8.52581310       12.6393461    
   6.50566292       15.8872910    
   2.46728945       7.35311460    
   3.80965447       19.4392509    
   2.03380132       15.5393019    
   15.9890862       6.99238443    
   11.6288233      0.176348299    
   19.7196064       9.19367313    
   4.17462635       1.21749365    
   2.18763685       2.88381219    
