   16.3242702       12.3006973    
   6.61557627       10.8892841    
   11.5416527       9.92583656    
   14.9265251       12.1110659    
   8.53529644       19.1466370    
   5.11906719       2.01722431    
   2.28914165       3.24873137    
   9.26687431       7.37136221    
  0.598194957       1.71706140    
   14.9166231       16.6392365    
   1.57711196       9.57444382    
   13.2965631       13.9925613    
   9.90237522       7.28845215    
   12.1761484       6.62358189    
   1.93838060      -1.06772172    
   3.15190220       2.12049365    
   18.0038185       1.52412546    
   4.87267828       10.3453693    
   7.35442734       18.8439236    
   17.1887188       14.6106253    
   16.1618233       2.62482834    
   12.9374027       14.3005209    
   1.51337111       1.93525088    
   8.67625237       16.9927864    
   14.0373755       18.2827797    
   8.55939674       20.1158886    
   3.30951762      0.138697714    
   1.33439505       19.2190094    
   13.7631216       4.88032675    
   12.8836002       12.4541616    
  0.150779366       13.4334126    
   3.31477690       18.4505253    
   10.3580408       8.99612141    
   1.70514715       15.6903744    
 -0.559781313       2.66797280    
   3.74616051       19.0434685    
   17.5189209       14.5465221    
   19.0868073       2.35606742    
   8.79674244       19.9230385    
   4.59484673       19.3847656    
   8.97731018       12.5699701    
   1.33933234       1.51021671    
   9.20778370       12.1805973    
   17.2677231       15.3158035    
   12.9428129       10.3985271    
   6.95091057       3.87260294    
   4.06597614       2.12978363    
   15.4619951       1.07094920    
   10.0796804       11.1027784    
   2.57846165       4.27722788    
   9.11356354       4.96050167    
   8.83980846       5.36340380    
   3.58851528     -0.309230268    
   3.82913065       20.2609768    
   8.46769428       15.4063034    
   8.08045101       15.2686348    
   7.18856335       13.4924459    
   1.44004011       1.61993504    
   15.6688299       6.91721249    
   10.2860632       14.3188725    
   12.6917448       8.03207684    
   8.60535622       18.1843681    
   9.80242825       4.06807280    
   16.4307213       12.5782785    
   16.4497108       19.8137760    
   17.0352573       6.13654375    
   1.70247269       3.99753404    
   18.1108665       17.3148479    
   9.25415802       16.1603642    
   8.02239704       17.7306309    
   3.40774584       3.62360072    
   1.32743859       11.9685154    
   16.0477982       6.64704752    
   11.8579550       10.7275581    
   15.6285982       3.35280776    
   11.3547125       18.0392227    
   20.8383884       4.17492723    
   14.3564215       7.09497452    
   8.20101452       1.77438283    
   18.0873737       11.5572062    
   3.96944118       8.48285389    
   15.5415735       18.8936195    
   2.70666623       15.3195667    
   10.1734018       18.8533859    
   3.15353513       13.4917841    
   10.0249128       10.8340559    
 -0.800724149       5.02027369    
   7.27598524       6.47338820    
   13.9969101       16.1693821    
   18.4417305       12.5802402    
   7.91583967       12.9718809    
   6.97856712       16.2572021    
   3.13278103       7.26247311    
   4.35959530       20.4208126    
   1.40542424       15.0939856    
   15.7054787       8.34407616    
   12.1218243      0.183180273    
   19.4316730       9.31715202    
   4.24142933       1.22037065    
   1.77847791       2.90446162    
