   17.1484051       11.7276564    
   6.76992369       11.9273853    
   10.3171883       9.98785114    
   13.9695539       13.4306431    
   7.29746628       20.3067455    
   4.58179808       2.26686454    
   1.64233112       3.70084643    
   6.64149427       8.61446571    
   1.90995324      0.727821052    
   13.5434656       14.5290108    
   1.06546450       9.23814487    
   12.7337341       14.7433224    
   10.5255022       8.26565552    
   14.9956646       4.19530153    
   5.27131224      0.686845601    
   2.99770069       1.20719588    
   19.0492001       1.99560058    
   5.89931345       9.80163670    
   7.27471209       19.8994980    
   16.6213989       13.2712097    
   14.3079548       4.25277615    
   14.9514046       12.1574459    
   1.84810638      -1.81684291    
   9.17375755       17.6100368    
   13.4178848       19.1107101    
   9.47327137       20.9640274    
   2.89364767     -0.881823540    
  0.414416999       19.8115711    
   13.3712854       5.80783892    
   15.4973011       12.8774271    
 -0.805914640       11.7873144    
   2.01504970       16.4696655    
   11.7388535       7.81347466    
   1.47300780       15.4225817    
 -0.563936234       2.57132983    
   2.27109313       16.0137215    
   17.1139317       14.3501167    
   17.8681889       3.88772917    
   8.75432777       19.3963337    
   5.24785995       17.6372356    
   9.78024483       13.5260153    
  -4.06694971E-02   2.78361273    
   9.31018543       13.4485941    
   16.6657753       16.5699291    
   13.9450169       10.2209520    
   4.85007811       3.53971267    
  0.965296865       3.47134881E-02
   16.7929554      0.196725920    
   9.98919296       11.3660269    
   4.09824419       4.78910923    
   9.94313717       4.59364986    
   10.0608253       3.72875619    
   4.99270916       1.08401740    
   4.11033392       19.9977779    
   9.06028175       15.2196255    
   6.62522173       14.2105312    
   7.11862230       15.6047449    
   2.59246373       2.35799479    
   18.1259670       4.57938910    
   10.4244013       15.0447235    
   14.4324150       8.37084961    
   8.86340618       18.1108437    
   11.1906071       5.56268120    
   17.8058453       14.7168398    
   16.9197884       19.1198215    
   14.4930286       5.85604239    
   2.55037522       1.96283007    
   18.5894508       15.8068619    
   9.38632011       15.8055973    
   7.79035139       19.7136688    
   4.86272478       2.15272593    
 -0.724775791       14.5725431    
   15.6792517       5.68828154    
   10.2655001       11.1230240    
   17.0174026       2.57588887    
   11.1305990       19.9987774    
   20.5092831       4.03218603    
   16.2126369       9.20389175    
   11.5267801       1.10029924    
   16.2946339       11.7055397    
   4.28619099       9.95931911    
   15.0201626       18.0914745    
   1.28202975       13.9697218    
   10.0692539       18.3985310    
   4.14487028       15.6798754    
   9.50978851       8.88459492    
  -1.74870515       2.90957594    
   9.98927593       7.58821869    
   12.2766590       17.1304512    
   18.0862675       13.9812231    
   9.13109207       12.8805056    
   4.37686110       15.5398808    
   4.83001518       8.40024567    
   3.20966935       20.9975529    
   1.53791475       16.4153175    
   17.0554314       8.79381180    
   8.56049156       1.38894963    
   17.5211296       8.69658852    
   4.76347351       1.18373561    
   3.18288636       4.53267956    
