   16.6522751       12.6431074    
   6.76099396       11.1073017    
   11.5564222       9.91781712    
   13.9638510       13.2036629    
   9.10893059       19.8837643    
   5.43274736       1.55343556    
   2.40264392       3.03209639    
   9.16610050       8.85672855    
   1.35115480       1.73878813    
   14.2921238       16.0389290    
   1.49217284       9.65247631    
   12.4863977       14.3512163    
   10.1070518       7.71902752    
   13.0063286       6.07324219    
   3.36076403     -0.609779954    
   3.94982004       1.85630190    
   18.2064705      0.254109174    
   5.02669430       9.83102608    
   7.31147671       19.6475086    
   17.1551113       14.5463743    
   16.3831482       2.89957428    
   12.7588091       14.2379799    
   1.14199543      0.618467748    
   9.24731350       16.9831924    
   13.0639896       18.2763062    
   9.37892246       20.0272427    
   3.20270157       3.70317288E-02
   1.27226555       19.8011703    
   13.2270527       5.24586678    
   13.5536795       11.3550625    
  0.131082952       13.4800615    
   2.95131969       17.4504490    
   10.0799627       8.91128922    
   2.09123802       15.6865540    
 -0.555803478       2.73379874    
   4.02507114       17.5823975    
   17.1077080       14.1604261    
   18.4560833       2.40200329    
   8.72167206       19.4767227    
   5.41276932       19.3233509    
   9.79102516       12.3173885    
   1.36292183       2.19030452    
   8.84732628       12.8724174    
   17.3213444       15.2591724    
   13.0019388       10.1487637    
   7.17104483       3.61833906    
   3.81485224       1.80571902    
   15.0528650      0.990851998    
   10.2410727       11.3316832    
   1.57865846       4.13317347    
   9.72505856       4.94004154    
   10.5598125       5.98343134    
   3.38956046     -0.437457234    
   3.33506513       19.7105236    
   8.22462368       14.1552887    
   7.35718918       14.8486986    
   7.11187983       13.0103245    
   2.36171031       1.44981003    
   16.4559879       6.43674898    
   11.2291365       14.4535398    
   12.6396351       8.09638023    
   8.02007198       18.1341324    
   9.09132862       3.61832833    
   16.8875484       12.6520748    
   16.5360298       19.3420258    
   16.6868763       5.99945927    
   1.45940959       3.04961443    
   18.5768089       17.5439396    
   9.07512856       15.9566450    
   7.39098263       17.9131985    
   2.57231164       3.09368396    
  0.455816597       12.2350178    
   15.9764538       6.09786177    
   12.0475950       11.3792191    
   15.8440428       2.94694304    
   11.4648838       19.0047836    
   20.1730289       3.93482685    
   14.9437609       8.55750942    
   8.59846878       2.87470388    
   18.3006573       11.5897493    
   3.78460956       8.16249561    
   15.0980663       18.3930893    
   1.74727368       15.2833300    
   10.0238895       19.0574188    
   2.55201030       14.5202532    
   10.4403496       10.6484356    
  -1.71394849       4.50576305    
   8.33845520       6.34814596    
   13.2408190       16.3522530    
   18.2301941       13.0326614    
   8.32010365       12.4349566    
   6.11207676       16.2774048    
   3.84614134       7.67514420    
   3.61373663       20.5006504    
   1.21258283       15.6944542    
   16.0703392       8.02577400    
   11.1863432      0.615654767    
   19.2715931       9.26684570    
   4.56570435       1.15902793    
   1.65795803       3.64033270    
