   15.8679619       4.84568167    
   2.86878633       13.4548826    
   10.2108269       9.68697262    
   6.46396589      0.486761987    
   11.3842239       14.3690243    
   15.5705080       16.3816166    
   12.2302094       6.62439346    
   12.4767466       7.23320532    
   5.82898903       3.93694782    
   17.3174934       6.33345079    
   6.73077869       16.7275429    
   14.7770700       11.7767086    
   7.10609245       12.0698719    
   2.89650846       14.1561890    
   11.8371353       6.36717975E-02
   1.52995837       12.8310728    
   1.30464268      -3.33485864E-02
   13.5128536       19.1851768    
   8.13463116       5.93449974    
   2.31122541       17.7852612    
   12.6004257       18.8828926    
   8.33168888      -1.97304714    
   15.9639997       12.3349018    
   9.41519070       1.38053691    
   7.35492897       8.34700394    
   12.3776894      0.576212406    
   9.27411556       12.3887987    
   4.29715776       10.6667690    
   1.52683103       11.6847229    
   13.3836994       14.6558027    
   19.0532475       8.94708633    
   11.4466343       7.81947851    
   12.7683277       4.31909323    
  0.161818162       10.1976509    
   3.61104536       6.02308750    
   4.25730705       6.72585630    
   5.30921316       16.4163475    
  0.732066810       16.3035603    
   5.20451355       4.16240644    
   2.70632863       2.99508286    
   3.93780446       10.2247009    
   16.7022285       21.2431583    
   7.87738276       1.62128270    
   18.4520893       9.66268539    
   14.6886349       3.96298432    
   2.94939065       13.8050928    
   8.73647976       6.20464659    
   6.53054333       19.2695923    
   9.73508263       3.83891559    
   12.6684198       13.3403597    
   8.97333431      0.821520150    
   18.2513790       15.3655519    
   7.49613476       8.87303543    
   8.26594448       18.8492718    
 -0.342764020      0.476243705    
   5.16298771       8.61185837    
   2.49669790       9.06827927    
   13.9604549       6.99843979    
   20.7335739       6.88821220    
   10.7921810       20.8662643    
   20.1542225       7.06429338    
   4.04032993       1.09265745    
   1.35536873       10.9491034    
   15.9907522       3.64956045    
   15.2962198       5.15322161    
  0.869739532       2.02601552    
   4.74170017       8.28582382    
   17.8173027       10.7893353    
   21.9497433      0.709406078    
   6.89059544       6.79065943    
   15.4377728       10.2767248    
   2.87902427       8.87613773    
   9.18251896       17.1790752    
   16.6117840       2.93291473    
   13.1659727       18.4224167    
   7.68032885       12.0401239    
 -0.870624542      -1.31995249    
   9.55127716       4.88941765    
   5.67449617       14.3206911    
   3.12892318       16.4133472    
   15.2221489       18.4281006    
   2.16477633       5.17149687    
  0.896563947       14.8324795    
   11.0712748       8.98158169    
   15.3502617       11.0400991    
  0.964399576       11.0222492    
   16.5968990       21.7610722    
   4.32954025       2.71228647    
   8.60065556       1.71212304    
   18.8649082       13.9035034    
 -0.886647522       19.4660606    
   5.42427376E-02   5.32464743    
   11.7008848       4.97552013    
   4.57838058       2.25972152    
   3.21954083       18.5828915    
   10.8345490       5.33886909    
   4.34350204       10.6023254    
   4.72681808       11.8801975    
   16.2856331       14.6069765    
   6.56726408       5.62401342    
