   17.6507664       12.1365366    
   6.63888550       12.6934233    
   10.2826719       9.53447056    
   13.9946852       14.5174828    
   8.47037601       19.8008137    
   4.88201046       1.65180564    
   2.00598955       2.92283177    
   6.33681488       8.56070423    
   1.95986342      0.653771639    
   14.0209799       15.2864151    
   1.30691290       9.86331081    
   12.6169853       14.7423000    
   10.6378736       8.23558044    
   14.4943504       4.67478132    
   4.82177734      0.457913637    
   4.19165087       1.32820034    
   19.0011406       1.42974007    
   5.48952723       10.9209871    
   7.38217878       19.1816730    
   17.3403568       13.2400675    
   14.8474321       3.70698094    
   15.0247698       12.8301544    
   1.09212101     -0.964206755    
   9.34178162       16.9310379    
   13.5209656       18.2444401    
   9.43903351       20.2504120    
   2.85869098     -0.834222257    
 -0.765419066       19.7271748    
   13.1905289       6.23190784    
   15.4865885       12.8709831    
 -0.606106818       12.5161819    
   1.54293978       16.0515728    
   11.4078903       8.61431694    
   1.95682597       14.5070734    
  -1.64072907       2.12987900    
   3.27380776       15.9982176    
   16.7939491       14.1222343    
   17.6628723       3.41071701    
   7.93702078       18.7005806    
   5.08889627       17.8504047    
   10.3742542       13.3561306    
  0.143215492       2.09658980    
   9.41945457       13.2745218    
   16.5649261       16.9779358    
   12.7099295       10.6999826    
   4.98942661       4.28818703    
   1.77667069      0.892800093    
   15.7954588      0.551139116    
   10.6595364       11.5548258    
   3.14875746       3.98037100    
   10.0216217       5.09574127    
   10.4081993       4.19978333    
   4.40348339       1.04161668    
   4.19156170       19.8291874    
   9.18213367       15.6834908    
   7.10426426       14.1914196    
   7.71632385       14.9314022    
   1.91280532       2.36223078    
   18.5235100       5.52940702    
   10.7967072       15.4430857    
   14.4520550       7.88942146    
   7.83191681       18.8438816    
   10.5381870       5.89155626    
   16.8979321       14.4691753    
   15.8050022       18.9360962    
   14.7470007       6.07381487    
   1.81901360       2.08625364    
   18.9116364       15.4923525    
   9.76756573       16.3324337    
   7.72065973       19.7402534    
   4.81302214       2.77304649    
 -0.513965487       13.6564951    
   15.2470684       5.61448097    
   10.4595499       11.1344070    
   15.9886608       3.35093093    
   10.1874819       19.3416920    
   20.6092415       3.61508036    
   16.3595066       9.23974133    
   11.1235895       1.49020362    
   16.7439365       11.8183832    
   4.67791557       10.2007370    
   13.7740221       19.3272190    
   1.14956343       14.8754330    
   10.1398478       19.2135334    
   3.90232110       14.6633482    
   9.48561859       9.37653255    
  -1.60846686       3.10138345    
   9.54491520       7.08678246    
   12.4851713       17.2831039    
   18.0139332       13.9585209    
   9.09314632       12.6287470    
   5.07034111       15.9232540    
   4.29333639       8.11988640    
   2.60428381       21.0033703    
   1.75438154       15.6509943    
   17.4719353       8.26013088    
   8.92949390       1.08021045    
   17.3638840       8.53180218    
   4.36391544       2.05612826    
   2.49180293       5.03694487    
