   16.1584854       12.0028696    
   6.77808619       11.1602030    
   12.0822115       9.67511272    
   15.6737728       11.7015705    
   8.15518665       18.6830444    
   4.91679716       2.02930665    
   1.92954588       2.93859863    
   9.39758205       7.63352394    
  0.293921560       1.08898950    
   15.4550056       16.2981548    
   1.44674695       9.17738247    
   13.0613623       13.9932022    
   10.3428001       7.59536934    
   11.8570356       7.07395029    
   1.66064882      0.108854055    
   3.17390370       2.05066681    
   17.1663494       1.30079198    
   5.28117800       11.3115320    
   7.26252079       18.3014660    
   16.7756500       13.9852848    
   16.4808292       2.41046023    
   13.3933668       13.7611752    
   1.07474506       2.45445633    
   9.21945572       17.3137913    
   14.1315470       18.2500916    
   8.24306393       20.0963421    
   2.99414992      0.729320705    
   1.12592471       19.3481026    
   13.7087021       4.96165180    
   11.9532862       11.2925606    
 -0.456534535       13.8808918    
   3.08934736       18.3412514    
   10.3688393       8.39639091    
   1.67670631       15.4655561    
 -0.364138931       1.79942477    
   3.68805027       18.4207554    
   17.2311440       14.1732674    
   19.4505386       1.95179701    
   8.48447418       18.4759674    
   5.23020458       18.6765213    
   9.02913284       13.2383089    
   1.82274449       1.03639436    
   8.85728550       11.9257078    
   16.4321003       15.1330490    
   12.8341131       10.5699024    
   6.93216801       2.89961338    
   3.52230120       2.15709901    
   14.6202488       1.97928333    
   9.44275188       10.4059162    
   2.99798369       4.48056602    
   9.02495956       5.06186390    
   8.20654488       5.39055920    
   3.10053039      0.389339358    
   4.56353807       20.2982845    
   9.19359875       16.0341568    
   8.51230717       14.7128525    
   7.45691347       14.6432476    
  0.719982386      0.539224267    
   15.4960327       6.23582935    
   9.63830090       14.7885771    
   12.4807034       8.36771107    
   8.78299713       17.2066822    
   9.24377346       3.83573151    
   15.7868748       12.2585468    
   16.2158146       19.2524586    
   16.8316956       6.46912813    
   2.25529671       3.61142945    
   18.0265617       16.6479111    
   9.25422478       15.8146811    
   8.94590282       18.3130703    
   3.34881735       3.32719374    
   1.74654877       11.4145126    
   16.0537987       7.11903858    
   11.2518988       10.9297667    
   16.1827526       3.47116804    
   11.0665264       18.1757469    
   19.6585903       3.82285905    
   14.1522570       6.33990526    
   7.64929295       2.16091561    
   17.7125912       12.3360081    
   4.73570108       7.95576334    
   15.2923250       19.6601810    
   3.08491349       14.9572325    
   9.51839352       19.1725616    
   3.05846548       13.7752934    
   10.0802822       10.8000364    
  0.223854646       4.26226187    
   7.51268005       7.29984856    
   14.4089794       16.1606064    
   18.2608280       12.1615171    
   8.30644321       12.5007734    
   6.78754616       16.0258026    
   2.35775542       6.87491465    
   4.10328197       19.8817978    
   1.25714362       15.7325964    
   15.9243021       7.50306320    
   12.0805588      0.418768913    
   19.4512291       9.02619648    
   4.49107027       1.16094244    
   1.33434427       2.73269153    
