   15.7217197       4.77805710    
   2.71403623       13.4630299    
   10.1553621       9.59391785    
   6.50698805      0.463328034    
   11.2150278       14.7046194    
   15.2077980       16.5779533    
   12.3822584       6.59355116    
   12.9930000       7.19878483    
   5.82702589       3.72141767    
   17.1998386       6.31553936    
   7.11294937       16.4572239    
   15.4274330       11.3390007    
   7.13919401       11.5551605    
   3.06746554       14.2904873    
   11.7659054      0.110189587    
   1.74046969       12.5725527    
   1.41024804      -7.48034790E-02
   13.4773455       18.6634254    
   8.39445877       6.34823608    
   2.70986819       17.7846889    
   12.6053915       19.0212746    
   7.92144632      -2.34390903    
   16.3495617       12.3119755    
   9.64539051       1.46880734    
   7.24571419       8.62963867    
   12.7501726      0.811569571    
   9.10839272       12.6399708    
   4.09315538       11.1713543    
   1.44924307       11.3228235    
   13.2906361       14.8235931    
   18.7814064       8.65562630    
   11.6424093       7.71805620    
   12.8785095       4.02444887    
  0.751083076       10.0740585    
   3.10803294       6.25278091    
   4.32881498       7.06081581    
   5.51919794       16.2424412    
   1.07103515       16.1659565    
   5.66579103       4.13633728    
   2.48010349       2.76147556    
   3.85570550       10.4714251    
   16.5935783       21.6505489    
   8.31093407       1.49378562    
   18.0724735       9.42673492    
   14.9977970       3.83036780    
   2.75988245       14.3017941    
   9.11983013       6.08121824    
   6.43961096       19.1543999    
   9.68365288       3.83550644    
   12.5678902       12.7552290    
   8.79778767      0.236777052    
   18.2244835       15.3140268    
   8.06812286       9.24457455    
   8.43014717       18.2400341    
 -0.377388030      0.868826032    
   5.20007896       8.62341976    
   2.32036734       8.62332535    
   14.2138252       6.65585709    
   20.7208309       6.48507214    
   10.5162201       20.8237286    
   20.3048820       7.06600285    
   4.33043623       1.09813094    
   1.14269221       11.0550308    
   16.1686935       3.50727129    
   15.5329428       4.77624321    
  0.620677114       2.05416489    
   4.69139624       8.60093212    
   17.7375965       10.8825436    
   21.4876518      0.574986279    
   7.18831205       6.70773888    
   15.6549292       10.7226448    
   2.51105618       9.05275249    
   9.30128098       16.7315350    
   16.7455769       3.20765758    
   13.6816311       18.6397915    
   7.69405985       11.9832411    
 -0.730394125     -0.964895129    
   9.29372120       4.93823862    
   5.39392185       14.5568304    
   2.69832206       16.5334148    
   15.2712765       18.3316364    
   2.69741249       5.18497324    
   1.04680407       14.7173777    
   11.3398762       9.22978497    
   14.9853220       11.0859156    
  0.453789115       11.2899904    
   16.9633026       21.4864273    
   4.28129530       2.50877833    
   8.73581600       1.74175322    
   18.9183464       13.9720259    
 -0.914507866       19.3811111    
   4.26981524E-02   4.96168756    
   11.3388481       5.17792034    
   4.88488865       1.86604059    
   3.35367942       18.0354538    
   11.1280985       4.78162766    
   4.16107798       10.5680704    
   4.82016945       11.9854918    
   15.8863430       14.2823973    
   6.50458288       5.30275345    
