   18.1626778       13.2511721    
   5.18619823       12.7212925    
   10.4184322       11.2001743    
   12.8750620       12.8857632    
   7.92475891       22.6326027    
   5.98599815       1.17454135    
   1.00119185       3.27540040    
   9.59905529       7.30864143    
 -0.477800250       1.75395274    
   14.4649935       13.7049656    
   2.44102049       8.03542709    
   12.0587330       14.0839682    
   9.43213940       7.05366898    
   16.5569477       2.91825509    
   5.24037313       3.08322001    
   1.34074020      0.787558854    
   18.6208477       1.26868761    
   5.68984556       10.9753933    
   7.28530884       21.4042282    
   16.0299015       10.9328489    
   15.9106779       1.73480487    
   15.0706558       11.6082792    
  0.726154447     -0.640669942    
   8.26943684       17.8910122    
   10.9660215       20.7210484    
   9.72404861       22.6613636    
   3.74486852      -2.41299796    
   1.65496099       19.0605545    
   13.4745436       5.08337927    
   16.2568207       12.2637243    
  -1.38944018       8.90427208    
  0.758736253       15.7445841    
   9.62481976       6.14942074    
   1.43132985       15.6019917    
  -1.13701963       1.95662510    
   2.40556240       14.2442732    
   18.0524292       14.8870716    
   19.0227032       2.24488664    
   8.35298538       18.7250805    
   4.08517456       18.2852993    
   9.96513176       13.5370750    
  -1.54260183E-02   4.18195629    
   10.7085228       11.0355234    
   16.8854008       14.2182560    
   14.6441040       10.3926420    
   4.11825991      0.766718388    
 -0.322892189      -2.43021584    
   17.3400726     -0.459558129    
   9.18301010       11.2670841    
   1.10771966       5.63376379    
   12.4305544       2.70043278    
   10.7732077       3.51733065    
   6.05726290      0.387331545    
   3.60087681       18.8784275    
   8.22159767       16.3506603    
   5.02664471       13.1849937    
   6.58854866       15.3461790    
   1.53287244       2.95186591    
   18.7071266       4.19592047    
   9.75495720       14.8180075    
   16.8918667       9.07704926    
   8.50408745       16.7329712    
   13.0598631       2.07933187    
   17.9474564       11.4393215    
   18.2513752       17.8813114    
   14.2615585       7.97088385    
  0.895074368       4.71873713    
   20.5552387       15.2790833    
   9.72575569       14.7546854    
   8.45369530       20.2345486    
   4.41302872       1.78582692    
 -0.800682485       14.7998142    
   16.8336926       5.82711649    
   11.2635040       10.7270594    
   18.1513596      -1.63623166    
   11.2596083       17.6756077    
   20.6141262       1.36050737    
   14.2932720       10.3857660    
   10.9474783     -0.466739088    
   16.6517105       11.8865576    
   3.34316134       12.6276712    
   15.5126867       17.3866005    
   3.94208384       13.5294094    
   11.4807568       17.8782406    
   2.14434338       16.5415192    
   11.5674820       8.91556644    
  0.903533518      0.949738145    
   8.69230556       10.3405476    
   12.9114685       17.2358437    
   15.8088503       14.2395353    
   10.6038704       12.8854752    
   5.11462975       16.9131050    
   6.25812483       10.8252144    
   5.64011526       22.3406563    
   1.37352645       16.7935581    
   17.4885349       8.18174648    
   9.16165638      0.593320668    
   16.4204273       7.06619930    
   3.09336877       1.12388539    
   2.17353177       4.78786993    
