   17.6006641       12.9369764    
   6.13047361       11.0972509    
   10.3286934       10.9177084    
   13.7224855       12.5372276    
   7.59308052       20.7004223    
   5.84447908       1.66741848    
  0.673022151       3.79611182    
   8.96706295       6.64241600    
  0.715968966       1.65207291    
   14.6978941       14.1839581    
   3.41937304       8.83637238    
   11.9807215       13.9795418    
   10.2940865       7.41115236    
   15.6740284       3.68542528    
   4.81263733       1.46698928    
   2.19647360      0.674884975    
   18.2811565       1.75113654    
   6.01261044       10.9956722    
   7.97792053       20.0383968    
   17.0827503       11.7357464    
   15.6600561       2.69065046    
   14.6589813       11.8279638    
   1.97266459      -1.29042959    
   8.15259933       18.0115414    
   12.4880161       18.7314415    
   8.19094563       22.2791920    
   3.11839581     -0.523348927    
  0.861265838       19.6449394    
   14.7244835       5.93680239    
   16.2808800       13.2892227    
  -1.84592927       10.0200176    
  0.471581727       15.5227575    
   10.4721422       6.96888161    
   3.05422544       15.7289906    
  -1.15299618       1.87296534    
   2.87137055       14.8444939    
   17.5440311       14.0729189    
   17.8494892       3.11754155    
   8.10025978       18.0380707    
   4.63658381       18.0993443    
   9.80278015       13.8955784    
 -0.487036049       3.16125393    
   10.9070444       12.6643276    
   15.6995325       15.6801109    
   13.6935205       10.4960489    
   4.64008284       2.02481794    
  0.518745959      -1.33594739    
   16.3591347      -1.65039647    
   10.5578928       12.4859276    
   1.69398904       4.77730703    
   11.8660622       2.59365582    
   10.6484013       3.21805859    
   5.52354193       1.20030069    
   3.24762845       18.9426632    
   8.65063667       15.4633541    
   6.77820683       14.3337297    
   7.26625443       15.8019867    
   2.31194377       3.57016897    
   18.1453285       4.88349867    
   11.2924051       15.0438519    
   16.8599701       9.25952816    
   9.40826797       17.3293152    
   11.7703972       3.39110923    
   18.3620701       12.6917801    
   19.0121250       19.4886761    
   14.0600033       7.34446144    
   3.44547987       3.87527275    
   19.1222401       14.5534582    
   9.18036556       15.3570280    
   8.07136631       20.7778893    
   4.53447533       1.77740431    
  -1.84369719       15.3636398    
   16.3430519       5.50546455    
   12.3829679       12.2761259    
   17.6994019      0.649198651    
   11.2420549       18.9812336    
   20.2908897       3.35097146    
   16.4629555       9.99336433    
   11.2231283      -1.17547631    
   16.9652748       11.3106813    
   3.34384918       11.7328005    
   14.8519344       17.1523991    
   3.69593096       13.0284853    
   11.2551889       18.5298233    
   4.28156281       16.1101379    
   10.5492773       8.52859688    
 -0.571106553       1.76961768    
   8.94099140       9.83440113    
   12.2734346       17.4879017    
   17.0627880       14.2800198    
   9.77296162       13.1511860    
   5.18568659       15.9557056    
   5.67969990       10.1610947    
   4.32130098       22.6457958    
   3.24109960       17.0184326    
   16.2436028       8.30948925    
   9.26552582       1.46006858    
   17.5885906       8.25874329    
   3.77017760       1.27621257    
   2.52066612       5.19200373    
