   17.2088280       12.3141813    
   6.96550941       11.9051180    
   9.31290245       10.1721907    
   13.8621912       12.4883413    
   7.37430286       20.0756397    
   4.73735952       2.25198984    
   1.22038245       3.76254225    
   7.86156416       8.08029747    
   1.58879542       1.30762911    
   12.9690361       14.3976135    
   1.97398877       8.53027439    
   12.8937216       14.0228863    
   11.0818567       7.87124825    
   14.9260330       3.00042486    
   5.06717920      0.742763817    
   2.47572303       1.12045765    
   19.6700306       1.93240428    
   4.81116724       10.3632641    
   7.44835329       20.5629616    
   16.3897285       12.2770538    
   14.7400665       3.91535687    
   14.7923155       12.4007435    
   2.36986208      -1.10842085    
   9.57490253       17.0124607    
   12.9353046       18.6183243    
   9.02339077       21.0480385    
   2.76351547      -1.01251125    
  0.733160734       20.4074154    
   14.4920292       6.03295755    
   14.9677916       12.8914404    
  -1.26992238       10.6118803    
   2.68913293       16.6743603    
   11.2584000       7.45470381    
   2.21614075       15.4559593    
 -0.837682247       2.08364868    
   2.75697017       15.6616831    
   17.3944492       14.1132669    
   18.9250889       3.56626105    
   8.78209496       18.6801491    
   4.23560476       17.0555305    
   10.0208855       13.6132622    
 -0.849445760       2.69469953    
   9.55938339       13.0537815    
   16.9353924       16.8963699    
   13.5295448       9.51405430    
   4.18578529       2.60696816    
  0.710741401     -0.504864812    
   17.1925774      -1.08479595    
   10.8854933       11.6121950    
   3.21427965       4.74965239    
   10.1487522       4.44492340    
   10.0380945       3.59743881    
   5.65837812       9.73566547E-02
   4.95892620       19.6072121    
   8.30623627       15.1492186    
   7.00325871       14.7891569    
   6.49792957       15.3126669    
   2.62983274       2.13228679    
   17.7529926       5.33501768    
   10.8068562       14.8139963    
   15.2157078       8.55761337    
   9.12431145       18.0560207    
   11.3358126       5.57674885    
   18.3456059       14.1446800    
   17.7252712       19.8038540    
   15.3813105       6.42009115    
   3.20039630       2.84628367    
   18.6367683       14.6215944    
   9.11481094       14.9914627    
   7.55264854       19.4616947    
   5.55642366       2.29542851    
  -1.17811215       15.0894899    
   15.5240774       5.09264040    
   10.7436476       11.5114565    
   17.1273880       2.03131533    
   12.0440426       19.2131100    
   20.1431465       3.73953366    
   17.3825455       9.81198502    
   11.3937063      0.263279974    
   16.6711063       11.8324404    
   4.25070763       10.7822847    
   14.6001825       17.5630226    
   2.70375681       13.4445629    
   10.7960138       18.8409004    
   4.49656391       15.8231802    
   9.53479099       8.61861610    
  -1.44209945       2.41261101    
   9.60193062       8.09119987    
   13.5959883       17.4656448    
   17.2818413       13.2721338    
   10.0234308       13.7050047    
   5.63447762       15.3692627    
   5.77579165       8.66033840    
   4.44065905       21.6357918    
   2.17047834       16.9905186    
   16.6915951       8.29538345    
   8.23983097       1.51770091    
   17.6637630       8.37205219    
   5.03633642       1.36928475    
   2.65880871       5.01444960    
