   17.2487869       12.1655302    
   6.77914190       11.6697407    
   9.75334358       10.7368345    
   14.5136185       13.3795795    
   7.25736904       20.3944664    
   4.82259607       2.53793740    
   1.75881433       4.11349010    
   7.04166651       8.74049854    
   2.34140658       1.50812888    
   12.9097834       13.8807220    
   1.78721774       8.88529778    
   12.6896200       13.9760466    
   10.5583200       8.09843159    
   14.8485298       3.57670069    
   5.13042021      0.442742497    
   3.04916954      0.946120799    
   19.1915951       2.41002607    
   4.87527609       11.0490065    
   6.97221184       20.5445786    
   16.5581074       12.7936239    
   14.4034662       4.02150488    
   14.7260799       12.3420439    
   2.20118570      -1.69682121    
   8.86526394       17.4333057    
   12.9679565       19.1483841    
   9.30198193       20.7737370    
   3.19106936     -0.838272870    
  0.589076042       19.7741776    
   14.0001354       6.02889347    
   15.5406275       13.0828943    
 -0.340752482       10.8945999    
   2.07404184       16.6572819    
   11.5003157       7.85843182    
   1.84498966       15.6036434    
 -0.604195893       2.32077193    
   2.29476595       15.3432159    
   17.5275669       14.1314726    
   18.4752350       3.77115631    
   8.74369049       19.0053806    
   4.39197302       16.8419552    
   9.88231659       13.6934757    
 -0.654045641       2.71061778    
   9.25997925       13.4046564    
   16.3815193       17.3462601    
   13.6918583       9.07509422    
   4.74244213       2.75619507    
  0.782939136     -0.575038791    
   16.8855667     -0.905244648    
   10.4120579       11.1193619    
   3.68687606       5.20483303    
   9.80099392       4.58132362    
   10.2949324       3.90125036    
   5.86554861      0.694832623    
   4.72154331       19.8902016    
   8.87369156       15.0003729    
   6.97921276       14.5944929    
   6.92420006       16.1288624    
   2.93977356       2.56710792    
   17.2370892       5.02159500    
   10.8962936       15.2258997    
   14.6649904       8.53681087    
   9.09873676       18.1344357    
   10.7954340       5.67013359    
   17.9637489       14.9675856    
   17.7063541       20.0259418    
   14.9535360       5.88884020    
   3.38746810       2.21200013    
   18.4229069       15.5845413    
   9.27932358       15.6313229    
   7.29112148       20.1151524    
   5.23616076       2.56968951    
 -0.598565102       14.5512724    
   15.7075624       5.95918608    
   10.4512596       10.6760025    
   17.7329750       1.95025086    
   11.9895601       20.1707745    
   20.0079613       4.11919451    
   16.6816044       9.89759541    
   11.5747375      0.853396475    
   16.0501270       12.0817957    
   4.42348194       10.6009932    
   14.7522469       17.8791370    
   2.56195569       13.4577436    
   10.9782619       18.5316753    
   4.57337332       15.4812870    
   9.63406372       8.62330532    
  -1.70641196       2.87780499    
   9.84967613       8.11403942    
   12.6185961       17.5591965    
   17.8346443       14.4539871    
   9.76811314       13.1813650    
   5.20510054       15.1643133    
   5.29604721       8.55099297    
   4.22239351       21.1544228    
   2.06641912       16.4586830    
   16.2984390       8.31065083    
   8.41235638       1.32536972    
   18.2357597       8.61500454    
   5.24790001       1.63235390    
   3.18040371       5.01410151    
