   16.0692005       5.69891977    
   3.41494942       13.4734221    
   10.8621969       9.88345432    
   6.60534763       1.00321221    
   10.2942801       13.4250507    
   16.2758255       16.2466793    
   13.4319239       8.10808277    
   12.4523172       8.03605080    
   7.53231621       5.20155382    
   17.2688808       5.71392345    
   6.81960487       15.8986397    
   15.3749495       11.8199148    
   6.85533237       12.1298323    
   2.68650627       14.0697355    
   11.7646074     -0.546687067    
   1.08289075       13.3353548    
  0.459363550      0.311042964    
   13.7077808       19.3094330    
   7.94996977       4.81544065    
   2.27550960       18.1795731    
   13.7863665       19.9902649    
   8.32689762     -0.890072942    
   15.0034723       12.3927317    
   8.93549252       1.06541395    
   7.12448788       8.82397938    
   12.4386787      0.751917660    
   9.56839943       12.7660294    
   4.30274487       11.9027300    
   1.06871617       11.4413328    
   13.5464602       14.4768744    
   20.0019569       10.3223934    
   12.3428888       8.88484478    
   12.8341322       4.94042444    
   1.16690326       11.1544895    
   3.51149178       6.21659803    
   3.69917083       6.40185404    
   3.88303471       14.2994413    
   2.19362330       17.4616909    
   4.89981461       5.25450850    
   3.05462527       3.33833241    
   3.72351456       10.9994469    
   16.0998688       20.7840576    
   7.66542292       1.00703585    
   19.5479927       10.6044340    
   13.5531616       3.34843612    
   2.04555440       12.8237123    
   7.65150166       5.05249739    
   6.58034515       18.7286587    
   9.85345650       4.82113695    
   11.8149214       12.2259169    
   9.63207340      0.925891399    
   19.2392693       15.3719244    
   7.55004549       8.13810730    
   9.79126263       19.5922871    
  -1.06696570      0.720314384    
   5.41961670       9.85694695    
   2.19750500       9.62842464    
   13.8896656       6.98773766    
   19.7017517       6.74621058    
   10.2531891       21.9183216    
   20.2901802       6.69628620    
   6.00685692       1.17518759    
   3.33385634       11.0991745    
   16.1733589       2.74772048    
   14.9889116       4.85087109    
   1.31981158       2.57512474    
   5.34490633       8.15035057    
   17.8459587       10.7554760    
   22.0568600       1.01307285    
   6.54208851       6.59337854    
   16.1835556       10.7246437    
   3.65055299       9.68529892    
   8.21398926       17.5085430    
   17.4060593       2.91850424    
   12.0352116       19.4690285    
   9.18784237       14.5372515    
  -1.62781549      -3.04177761    
   9.10884476       4.50662327    
   5.98518133       13.3265276    
   3.13064790       15.8358850    
   15.4535227       18.1878242    
   1.62737310       6.34916449    
  0.843801796       14.9757013    
   10.7432337       9.08517551    
   16.9854488       11.3507013    
   3.11130404       11.4356699    
   17.4212551       22.2711163    
   4.25581455       1.57485998    
   8.30623627       1.51735377    
   20.5477276       14.9100380    
 -0.728106856       19.6115437    
  0.791968524       5.08860111    
   10.7550640       4.62041426    
   4.87132311       2.78291178    
   4.38338470       19.4563313    
   10.6745100       6.82282734    
   4.62066174       10.8090830    
   4.53529024       11.8454370    
   14.8318624       13.7812204    
   5.58273029       3.45565605    
