   17.0483379       12.2038345    
   7.50925064       11.8684320    
   9.35156250       9.81817818    
   13.6091738       12.7463331    
   7.13544464       20.2223492    
   4.79026985       2.29530644    
  0.724762619       3.78416133    
   8.45721817       7.97869015    
   1.58455729       1.83293998    
   13.2422037       14.8557644    
   2.33105922       8.61771870    
   12.4866724       13.9499502    
   10.9450016       8.00249386    
   14.7182322       3.12628770    
   5.48261023      0.609004676    
   2.30911136      0.883496642    
   19.5215511       1.96631920    
   5.32653046       10.1606569    
   7.59870338       20.7768745    
   15.8605213       12.5840559    
   14.7570724       3.52668214    
   14.7561646       12.1319294    
   2.27086616      -1.36368978    
   9.86976433       17.0216007    
   12.9173689       18.4951286    
   8.64372826       21.1316128    
   2.83405757      -1.17606592    
   1.18355322       20.4576359    
   14.8041544       6.11264658    
   15.2617702       13.1085281    
  -1.49613905       10.7061872    
   2.54188609       16.2107525    
   11.4837866       7.59321356    
   2.77084708       15.5774078    
  -1.02819407       2.05257487    
   3.08899426       15.5060854    
   17.3181801       14.2203627    
   19.1392555       3.70227146    
   8.24279690       18.5914555    
   4.48214245       16.7975044    
   10.1215591       13.5426750    
  -1.21635151       3.18250918    
   8.96967602       13.0855732    
   16.9574642       16.4403820    
   13.8325243       9.25342655    
   4.37662697       2.76662827    
  0.596992612     -0.356051654    
   17.2160892      -1.15606666    
   10.6967936       11.6896133    
   2.80066752       4.89867449    
   10.1832676       4.24617910    
   9.82262325       4.04719448    
   5.65347195      0.417400479    
   4.66897869       19.2722855    
   8.15762043       15.2871323    
   7.40931606       14.4613619    
   6.10703182       15.5442038    
   2.56347823       2.07726312    
   17.1971760       4.93005991    
   10.9005785       15.4256487    
   15.6303549       8.92764187    
   8.64662933       18.0287514    
   11.1848087       5.06114244    
   18.3627243       14.1068573    
   18.1027851       19.9411125    
   14.7923336       6.14133072    
   3.03920007       2.47664499    
   19.0943928       15.0130472    
   8.93549061       15.0437641    
   7.90457726       19.9595776    
   5.36168003       2.33348274    
  -1.05879426       15.1076555    
   15.4249096       4.86350441    
   11.2934761       11.6337461    
   17.0096340       1.58954036    
   12.1357489       18.8997784    
   20.1908226       3.87124729    
   17.4471016       9.94617081    
   11.1946516       7.61134829E-03
   16.9071636       11.5411835    
   3.96556163       10.8522463    
   14.8823395       17.6140270    
   2.53204656       13.3349419    
   10.8564892       18.6646957    
   4.47437668       15.9610300    
   9.96833229       8.83230591    
  -1.80254781       2.40693784    
   9.46314049       7.99508095    
   13.5120296       17.5073757    
   17.3589420       13.2987852    
   10.0832481       13.6052999    
   5.51697350       15.2717562    
   6.15675020       8.89848137    
   3.98113585       21.5391865    
   2.67358565       17.0231094    
   16.3790798       8.35902119    
   7.94019842       1.42592669    
   18.0818939       8.64654636    
   5.22369528       1.64850295    
   2.89121795       5.29728174    
