   17.4634533       12.1073847    
   6.69082832       12.1495829    
   10.6848812       9.38923836    
   14.9514227       14.0294495    
   8.27260113       20.0471268    
   5.33797312      0.780712783    
   3.01793599       2.71906042    
   8.82624626       8.88153553    
   1.48620450       2.46841884    
   15.2346210       15.3434429    
  0.850072682       9.30093098    
   12.6424780       13.3047323    
   10.6044817       8.14367104    
   13.7160416       5.98307037    
   3.17351198      -1.39660561    
   3.87783265       1.38954496    
   18.2501221      0.292876303    
   5.56890202       9.52346516    
   7.67869425       19.7766037    
   16.9680557       14.5045462    
   15.0107002       2.35880995    
   12.6843300       14.0354586    
  0.924280822     -0.193719760    
   9.02335167       16.5451565    
   12.5477133       17.6679440    
   9.31647778       20.7798328    
   2.34040761      0.601138294    
 -0.103340082       20.6845379    
   13.1228695       5.55844450    
   13.9185724       10.8868628    
 -0.892623544       12.1835155    
   2.88513041       17.5782986    
   10.2334909       9.34573269    
   2.12568450       14.9922094    
 -0.305800766       2.74856782    
   4.83363104       17.7452717    
   17.6351986       15.0795927    
   18.3424835       1.37232947    
   8.32589054       19.6116257    
   5.00331736       19.0952263    
   9.40490055       12.4394398    
  0.737784386       2.91592145    
   8.70430088       13.4476080    
   16.9198208       15.4855909    
   13.3021517       10.1760330    
   8.13111305       3.60224080    
   2.76347709       1.46222043    
   16.2080383       1.17174113    
   10.4743958       10.6722078    
   1.35176659       3.69229555    
   9.63795948       4.57591152    
   11.3586588       5.44993353    
   4.23694277     -0.407632351    
   3.92054772       19.8057079    
   8.31731796       14.4449673    
   7.00892878       14.6628418    
   8.66418266       13.8913565    
   2.17083979       1.08401990    
   17.9294434       6.43318653    
   10.8242550       14.6619291    
   13.1064615       7.44218969    
   6.90574503       18.3253937    
   9.43396950       4.32342529    
   16.5317307       13.3787060    
   17.4623852       19.2244244    
   15.8488140       5.68468332    
  0.505755067       2.41899800    
   19.6017170       16.5563812    
   9.47664642       15.7954483    
   7.40545511       18.2074337    
   3.39229798       2.78232884    
  0.676825762       12.9179010    
   15.3439407       6.14713860    
   11.4430666       10.2427454    
   16.5239468       3.08053136    
   11.1882467       19.1629124    
   19.9278107       3.53198433    
   14.9675732       9.36796284    
   9.07276440       2.60178423    
   17.9760418       12.4185123    
   3.66932130       7.68450212    
   14.5294695       18.4627686    
   1.39447200       15.7456961    
   10.7846012       19.6718102    
   2.76154160       14.1896429    
   9.90882492       10.1840286    
  -1.87518823       3.57321954    
   9.04023552       6.20204592    
   12.4785938       16.5281219    
   18.5661297       13.7117338    
   9.43536472       13.0203514    
   5.13679266       16.4062042    
   3.89646006       8.21956444    
   3.98401046       20.7669487    
  0.933817804       16.0353928    
   16.5059738       8.76140118    
   10.4229116      0.487032503    
   19.9266453       8.59090996    
   3.84869599       1.23704851    
   2.04857159       4.48403978    
