   16.7537212       12.3729210    
   6.51012564       12.0507097    
   10.7012148       9.51098061    
   15.0394163       13.7655039    
   8.39826107       20.2641182    
   5.19210911      0.651048601    
   2.63512230       2.97404075    
   8.79608154       9.07367325    
   1.08253217       2.35442042    
   14.7054052       15.3661680    
   1.52206469       9.52681541    
   12.5172091       13.7311325    
   10.4611177       7.65488625    
   13.5581131       5.96822786    
   3.00094628     -0.765480757    
   3.73249912      0.906099617    
   18.4493656      0.667257249    
   5.39489555       9.46891308    
   6.95513153       19.4165401    
   16.7172089       14.3954468    
   15.6219473       2.22415304    
   12.2433386       13.6811409    
  0.901019633      -5.97417131E-02
   9.04529476       16.1857033    
   12.4696779       17.9443455    
   9.37156677       20.7789516    
   2.69956279      0.267655104    
  0.746063411       20.1829929    
   12.6366167       5.49205494    
   13.4160433       11.4513569    
 -0.369316101       12.6030149    
   2.97615004       16.9531651    
   9.91233253       9.11945534    
   1.80161321       14.8866606    
 -0.580864966       2.87351632    
   4.35771608       17.8630142    
   17.8030071       15.2867203    
   18.7553558       1.91583371    
   8.19940758       19.6158428    
   5.31273174       18.8099804    
   9.88860607       12.3889027    
   1.37826574       2.76014590    
   8.57259941       13.5723467    
   17.5134144       14.8524246    
   12.5908585       9.88695717    
   8.09058952       3.88947296    
   3.22793841       1.52014172    
   15.4460087      0.496320009    
   10.5574961       10.9216957    
   1.35908020       3.91766572    
   10.0894537       4.84732533    
   10.6867094       5.51381159    
   4.27026320     -0.107060403    
   3.91352105       19.7719746    
   7.49164248       14.2563028    
   7.47797155       14.8793879    
   7.73424244       13.2122583    
   1.72950280      0.878281236    
   17.7165527       6.49609804    
   10.4886894       14.2855244    
   12.6298723       7.41314840    
   7.30379057       18.2525520    
   8.81623554       3.46992016    
   16.9915638       12.9630957    
   17.5884247       19.5903473    
   16.3988857       6.14950228    
  0.475071073       2.20761085    
   19.3325806       17.2071419    
   8.99988079       16.1550941    
   7.14866829       17.7879105    
   3.05048990       3.31156731    
  0.716561615       12.5552626    
   15.6721725       6.14537048    
   11.8896294       10.9127111    
   16.5712357       3.29958630    
   11.2961130       19.5520058    
   20.0531006       3.75768590    
   14.9247074       9.17364883    
   8.95841312       2.38781190    
   17.9112473       12.2447271    
   3.42654324       7.60125923    
   14.6621771       18.6145992    
   1.61187065       15.9856491    
   10.7412844       19.3217678    
   2.68038988       14.4296045    
   10.3262663       10.1403379    
  -2.09109974       4.37278175    
   8.56609058       6.22157621    
   12.4173288       16.1622887    
   18.5511589       13.4678802    
   8.79789829       12.7790432    
   5.45363045       16.6010361    
   4.31220341       8.12212563    
   4.27943611       21.0639019    
   1.01939464       16.0595570    
   16.0852318       8.24112892    
   10.6106644      0.694597423    
   19.0542469       8.78208351    
   4.25061321       1.49483895    
   1.77257288       3.94237518    
