   17.9611530       13.1334829    
   6.01638079       11.0341902    
   10.4138346       10.2557640    
   13.7053175       12.5522280    
   7.97175646       21.0201111    
   5.77272701       1.73868978    
   1.86079383       3.46907091    
   8.79825115       7.34512043    
  0.542475820       1.30959702    
   14.9341383       14.2939224    
   3.15263748       8.91291142    
   11.9881659       14.2408943    
   9.74875927       6.54345560    
   16.2333183       3.23395157    
   4.99710703       1.51242137    
   1.84254777      0.781529367    
   18.7291145       2.06311035    
   5.79134369       11.3813782    
   7.27784204       20.0571880    
   16.8660221       11.9622545    
   15.8290539       2.73530483    
   14.6509151       12.2218885    
   1.94489396     -0.830545127    
   7.91844702       18.1917686    
   12.1008272       19.5381203    
   8.58012199       22.6959419    
   3.55845690     -0.942530036    
   1.47257686       19.5344410    
   14.5607672       6.24123430    
   15.8686390       12.8805904    
  -1.92533708       10.3301592    
   1.25034084E-03   15.1113052    
   9.37758827       7.15372753    
   3.24864125       16.1295929    
  -1.40593064       2.72757578    
   2.21682739       15.5172710    
   17.1235657       14.2393131    
   18.2915230       3.40514135    
   7.72126389       18.5413818    
   4.53170347       18.0598259    
   10.2871161       13.4162216    
 -0.228536248       4.13710546    
   10.4108715       12.1458006    
   16.1522884       15.3600645    
   13.6737604       10.3000259    
   4.77650213       1.87924945    
  0.698351681      -1.76875794    
   16.7107582      -1.02744210    
   10.3837233       11.7257280    
   1.53313124       4.86335135    
   11.7897854       2.21559596    
   10.1406813       2.99966621    
   5.52215958      0.436183006    
   2.89641023       18.8994846    
   8.16798496       15.8238516    
   6.26291990       14.1893463    
   7.63898993       15.9344788    
   2.12429690       3.37558317    
   17.8276119       4.82762575    
   10.3847380       15.2350264    
   17.3376770       8.59137917    
   9.19339466       17.6884975    
   12.2646742       3.38415790    
   17.7643681       11.8429804    
   19.3048191       18.1783676    
   13.9769316       7.48356485    
   3.02239895       4.24289703    
   19.4141979       14.9619598    
   9.19839096       15.0021429    
   8.61892700       20.5542679    
   4.82554626       2.85791135    
  -1.53887928       15.4618797    
   16.3292866       5.03249550    
   12.7462006       12.1627998    
   18.4227047     -0.129226997    
   10.5644655       18.9376526    
   19.8349628       2.85648561    
   16.0683765       9.48480225    
   10.6132927     -0.968797088    
   16.9142570       11.7024450    
   3.08757496       12.0411224    
   15.2143812       17.4630852    
   3.82546163       13.2673845    
   11.6705141       18.3634892    
   3.36026096       16.2556686    
   10.4548006       9.15893173    
 -0.291155189       1.63674641    
   8.98289108       10.4206944    
   12.3370275       16.8941917    
   16.9317245       14.0834923    
   9.92860222       13.4514761    
   5.01187372       16.4158077    
   5.58674622       10.4250736    
   5.06584930       22.8169651    
   2.35562015       16.8271027    
   17.1659775       8.16525173    
   9.21494007      0.894767284    
   17.4529762       8.25675201    
   2.59184647       1.35735905    
   2.51919723       5.28843689    
