   16.2032585       12.5335226    
   6.73086166       10.9334307    
   11.8520784       10.1378174    
   15.0494003       12.3785143    
   8.51074028       18.8529339    
   5.29632282       1.72011435    
   2.05436969       3.47159076    
   9.58537102       7.44682741    
  0.330702037       1.45333779    
   14.8575907       16.4902592    
   1.59235704       9.28291988    
   13.2568159       14.2275591    
   9.99552059       7.24905014    
   12.1507902       6.90342236    
   1.65878916      -1.04496837    
   2.83192372       2.21091604    
   17.8215694       1.21370959    
   5.14508677       10.6590919    
   7.29124689       18.7590179    
   16.8406887       14.4634914    
   16.0723324       2.87941551    
   12.9033165       14.0716181    
   1.20643651       1.96785295    
   8.99200344       16.9928265    
   13.8233910       18.6261063    
   8.82964134       20.4392471    
   3.34295511      0.306386739    
   1.01402783       19.2447224    
   13.7987881       5.18839073    
   13.0082092       12.1424856    
  -6.43333420E-02   13.6451302    
   3.25150895       18.2574577    
   10.0093307       8.81850815    
   1.93226349       15.4529314    
 -0.561278820       2.32820320    
   3.56536627       19.2137814    
   17.3740444       14.4044428    
   19.1813030       2.05588818    
   8.54500961       19.6450863    
   4.44285345       19.1018600    
   9.24542141       12.7894650    
   1.58718264       1.43101919    
   9.01286125       12.3873177    
   17.2419338       15.5316868    
   13.1751175       10.1821232    
   6.94673824       3.58929682    
   4.02783012       2.17732644    
   15.2293921       1.23494637    
   10.1390457       11.2796497    
   2.89444733       4.52088451    
   9.22572708       5.18819618    
   8.84632111       5.49415779    
   3.39681506      -1.93789154E-02
   4.15388012       20.3222637    
   8.71505070       15.6882725    
   8.02542877       15.2254877    
   6.92376184       13.7483749    
   1.64614618       1.31254053    
   15.4420996       6.66378832    
   10.2484856       14.1693830    
   12.3471928       7.89740992    
   8.76008415       18.3735180    
   9.81840992       3.81950426    
   16.2214546       12.6187162    
   16.4895020       19.9758492    
   16.7760143       6.02870846    
   2.02171779       3.64906120    
   17.8418217       17.2674885    
   8.98776245       15.9981194    
   8.04554939       17.7627144    
   3.29552364       3.36854458    
   1.62030494       11.6273718    
   15.9529591       6.99312782    
   11.8128195       10.9991617    
   15.7655659       3.25602770    
   11.4892216       17.9509640    
   20.7051544       4.15867996    
   14.4920301       7.26949501    
   8.01451778       1.50382650    
   17.8871365       11.7680874    
   3.96877718       8.66337013    
   15.4653769       19.1406536    
   2.82604861       15.0645733    
   10.1002560       18.8504028    
   3.31043243       13.6464157    
   9.99016666       10.5988560    
 -0.842375755       4.80409050    
   7.49818516       6.52103901    
   14.0254440       16.1761436    
   18.1830788       12.2705936    
   7.67071629       13.1217451    
   7.28098583       16.2384872    
   2.93491364       7.58548212    
   4.53820705       20.2737827    
   1.16349483       15.1135521    
   15.4052219       8.37436867    
   12.0204945      0.183154687    
   19.6146870       9.01903057    
   4.58641624      0.937285602    
   1.89379942       2.81357479    
