   17.0883408       11.4830656    
   6.64126110       11.8241835    
   9.87821865       10.1799126    
   14.2379208       13.1852512    
   7.45333052       20.6761532    
   4.43916750       2.42360663    
   1.72834539       4.14665794    
   6.60266924       8.68443871    
   2.17622662      0.787285507    
   13.0970392       14.7454033    
  0.906813562       8.64930344    
   12.8207846       14.2065601    
   10.2896118       8.09024429    
   15.3819065       4.07937288    
   5.19364834       1.02494168    
   3.11432505      0.839273334    
   19.1976871       2.24633527    
   5.53473949       10.3690252    
   7.24646664       19.7834282    
   16.5598850       13.0179806    
   14.4275913       3.66219974    
   14.8684893       12.1927681    
   1.88404119      -1.95136476    
   9.00702953       17.6717434    
   13.3897934       18.9236374    
   9.33449268       20.5581303    
   2.97607088     -0.903157234    
  0.272984356       19.4049931    
   13.6811914       6.02873898    
   14.9962835       13.2574673    
 -0.748864055       11.4231386    
   2.09880042       16.6413727    
   11.9945869       8.12748051    
   1.63441157       15.6285105    
 -0.708960593       2.84515429    
   2.39751935       15.5642738    
   17.4597168       14.2456083    
   18.3757153       3.88195157    
   8.79524899       19.2965412    
   4.61220551       17.5137520    
   10.0223188       13.1320639    
 -0.133498445       2.69671559    
   8.99410629       13.4419174    
   16.1501522       16.9119148    
   14.0596905       9.80738163    
   4.67398500       2.99405575    
  0.831278980      0.115838669    
   16.7808151     -0.255041271    
   10.1770830       11.1461830    
   3.89537168       4.58802700    
   9.70031261       4.48554468    
   10.0886383       3.57782888    
   5.54330492       1.02624750    
   4.46780825       20.1695023    
   8.95358181       14.9415312    
   6.72389603       14.6191664    
   7.13695431       15.5540457    
   3.14730883       2.53001571    
   17.6970634       4.75920200    
   10.8286018       15.4883308    
   14.6895523       8.51070213    
   8.69282341       18.1981182    
   11.1511307       5.57145596    
   17.9532814       14.6993408    
   17.5639076       19.5828438    
   14.7896805       5.98814154    
   2.55790067       2.39530897    
   18.8212910       15.5662546    
   9.02434254       15.9736624    
   7.75108957       20.1269741    
   5.22092533       2.42603803    
 -0.942767799       14.7208567    
   15.5452156       6.23518038    
   10.3199921       10.7571955    
   17.4456921       2.53190017    
   11.4089060       19.5507584    
   20.5382633       3.91668248    
   16.4308167       9.49854660    
   11.6571360      0.777764142    
   16.1196060       11.8288393    
   4.20549631       10.2331514    
   14.5210257       17.8189850    
   1.91397583       13.6917782    
   10.5452423       18.5471554    
   3.93284106       15.8282013    
   9.45470524       8.73486042    
  -1.91024160       3.32375383    
   9.73994350       7.58481026    
   12.4868517       17.3038731    
   17.8196144       14.4315205    
   9.47095680       13.4628992    
   4.81167173       15.1977110    
   4.93435526       8.49612427    
   3.82635379       21.0996990    
   1.61121774       16.3490810    
   16.7275047       8.88856602    
   8.75422287       1.42719460    
   17.7224007       8.70302105    
   4.83399868       1.32706690    
   3.04471326       4.52889729    
