   17.6163883       12.4944572    
   5.69278145       11.2844152    
   10.1382790       11.2043877    
   13.5053148       12.4554749    
   8.16192150       21.9958019    
   5.87395477       1.57010615    
   1.08329749       3.73272061    
   9.10372066       7.13202572    
  0.353277266       1.60662079    
   15.0539026       14.8935509    
   1.92822814       8.69821739    
   12.3383350       14.4397326    
   9.68435287       6.76860332    
   16.0244026       3.54132938    
   4.89638996       2.26891422    
   1.31221235      0.904134452    
   19.0436344       1.57719183    
   6.28967237       10.8154001    
   7.10047436       21.1322308    
   15.9953041       11.3827600    
   15.4852591       2.10125446    
   14.7404337       12.3638887    
  0.928948283     -0.853990614    
   7.77514458       18.1866570    
   11.7985764       19.5934010    
   9.65472031       22.6135120    
   3.53873825      -1.53900874    
   1.33986723       18.8006344    
   14.0239515       5.30002785    
   15.6656895       12.5073900    
  -1.77273989       9.75640583    
  0.270271212       15.2553759    
   9.77990437       7.02979422    
   2.54994178       16.1822414    
  -1.79172337       1.71794295    
   1.71410620       14.7520580    
   17.7009411       14.6155491    
   18.7912235       2.41080236    
   7.81248760       18.3974781    
   3.86964083       18.0527420    
   10.1038513       13.4182768    
  -2.70548984E-02   4.87548208    
   10.2852173       12.4403868    
   16.8662300       14.9570045    
   14.3335800       10.1357651    
   4.77805710       1.30644214    
  0.285097212      -2.07079196    
   17.4320145     -0.795887232    
   9.71580696       11.0923777    
   1.77424622       4.34271908    
   11.2172003       1.76619411    
   10.8299341       3.84693480    
   5.64649820      -9.76093393E-03
   3.50532246       18.5710869    
   8.26564598       16.1686192    
   6.39636660       14.4420595    
   7.27597380       15.8329964    
   1.79428995       3.04088783    
   18.8351955       4.80673075    
   9.67016792       15.2130356    
   17.1470814       8.53371143    
   8.93453979       16.8557358    
   11.9372663       2.16362143    
   18.0141468       11.8352575    
   18.2811832       18.2573280    
   13.3687048       7.84604931    
   1.64372396       4.87650156    
   19.6997414       15.1802950    
   8.76427364       14.6780224    
   8.84594345       20.4836922    
   4.18013477       2.00488520    
  -1.62650359       15.2670460    
   16.5949230       4.90065908    
   11.6534882       11.2986774    
   18.1152935     -0.714396775    
   10.4310293       18.1602211    
   19.7455082       1.88616717    
   15.2842407       9.11654091    
   10.6896677     -0.665694475    
   16.6609116       11.6603727    
   3.05400300       12.3324690    
   15.6806555       17.3170986    
   3.48343515       13.8004541    
   11.4851665       18.2827663    
   2.60319781       16.6675663    
   11.0730572       9.30929375    
  0.362007678       1.38430071    
   8.58609581       10.7046032    
   12.5073090       17.1053104    
   16.7096157       13.7544079    
   10.4579172       13.0397043    
   4.57071114       15.7308607    
   5.69154119       9.80529213    
   5.29435396       22.3089485    
   1.32614946       16.7438965    
   17.7308807       7.92169333    
   9.08155823      0.898884833    
   16.6886940       7.30023479    
   2.75583959      0.420794994    
   2.47194433       5.42162323    
