   16.2209339       12.2765646    
   6.59038210       11.1936159    
   11.8937750       9.76478004    
   15.4714241       11.7921801    
   8.54844570       18.6821690    
   5.24007130       1.41166246    
   1.69919622       3.69429183    
   9.60238838       7.34255695    
  0.114118211       1.44337225    
   15.3018942       16.4215698    
   1.70327723       9.27068806    
   12.9014263       13.8546848    
   10.0476627       7.57611609    
   11.8254051       7.20660543    
   1.40995550     -0.609827459    
   3.05328441       2.18139076    
   17.7946053       1.18304098    
   5.53934288       10.7092981    
   7.39829063       18.4206314    
   16.6455631       14.4780865    
   16.4154377       2.58529353    
   12.8797283       14.0756979    
   1.27185762       2.47679377    
   9.12947750       17.1818256    
   13.9837961       18.3391285    
   8.74868488       20.1788235    
   3.35203505      0.465226352    
   1.30891156       19.5593357    
   14.1431808       5.01555014    
   12.5193768       12.0524082    
 -0.239137456       13.4425879    
   2.98165393       18.2351418    
   10.3433914       8.60173798    
   2.04056740       15.2809649    
 -0.476644993       2.06679940    
   3.59226465       19.0421696    
   17.3598862       14.3656445    
   19.4139862       2.09226775    
   8.53073978       19.2305489    
   4.73817205       19.0281982    
   9.20214844       12.8602571    
   1.48955882       1.27289319    
   8.59152985       11.9904537    
   16.8862171       15.0926619    
   13.1520929       10.2838812    
   7.22579575       3.52371931    
   3.77382064       1.97795212    
   14.9897070       1.64798844    
   9.58261013       10.8268061    
   2.82534790       4.53374434    
   9.40525913       5.19713402    
   8.72769833       5.37283707    
   3.34281182       1.15811350E-02
   4.54917526       20.0643368    
   9.20605659       16.0474720    
   8.32639503       15.1158543    
   7.12132931       14.3567963    
   1.49998844       1.04142535    
   15.3442402       6.21932697    
   10.0654602       14.1796799    
   12.8118000       7.93425083    
   8.65231800       17.8446484    
   9.60196400       3.88200974    
   16.2473946       12.4721689    
   16.4322968       19.7491379    
   16.6210537       5.78914213    
   1.95503855       3.50233722    
   17.9797535       17.1333084    
   9.47464371       16.3246632    
   8.58959579       18.1740055    
   3.71318674       3.37876463    
   1.79791462       11.3859386    
   15.5735159       6.73943043    
   11.3881712       10.7877970    
   16.1085758       3.53520203    
   11.5995359       17.9660740    
   20.4836063       3.84842134    
   13.9563456       6.98774338    
   7.58203888       1.88295650    
   18.0645771       11.7091799    
   4.36972570       8.27201176    
   15.4106741       19.5287132    
   3.01266170       15.3900509    
   10.0073309       19.1533356    
   3.39894581       13.8362703    
   10.1408205       10.6236143    
 -0.480539262       4.28260851    
   7.64368773       6.98359108    
   14.3449745       16.4875526    
   18.1408596       11.7586365    
   7.99727106       12.8629360    
   6.65055990       16.0194874    
   2.60003495       7.01298618    
   4.39187860       20.1317501    
  0.612505436       15.3921318    
   15.7401581       7.78383923    
   11.9774132      0.256749183    
   19.5990639       9.18473148    
   4.39222002       1.11859930    
   1.79223931       2.67389202    
