   16.9632988       12.5802431    
   6.64941120       13.0550890    
   10.5641384       9.92223167    
   14.7736406       14.3289862    
   8.28521061       19.3725567    
   4.95026827       1.02437079    
   1.55944264       2.50452518    
   7.66801596       8.63293457    
   1.99595666       1.93087971    
   14.8811054       15.7379656    
 -0.327266246       10.0538387    
   12.5822868       14.2152309    
   10.4715815       8.25090599    
   14.0500641       4.81413984    
   4.12755823     -0.264870256    
   4.59079409      0.829608142    
   18.6947289      0.832344234    
   6.05098248       10.9544077    
   7.14504623       19.1875420    
   16.7214298       14.1819372    
   15.1106243       3.37801909    
   14.0372038       13.5348721    
   1.29630506     -0.990878701    
   9.53553677       16.9480572    
   13.7361593       17.0768013    
   9.46210098       19.9628353    
   2.23926592     -0.160071179    
   9.01671275E-02   19.9875870    
   12.2856655       5.10814524    
   14.7418137       12.2695704    
 -0.755676508       12.5977707    
   2.84623861       17.5076580    
   10.8719749       9.06102467    
   2.12084723       14.3029213    
  -1.21426976       2.23317218    
   3.87162280       17.2694302    
   16.7989197       14.1514912    
   17.1661968       3.29108453    
   8.02077007       19.4375477    
   5.56033230       18.3607483    
   9.78388023       12.9926214    
  0.114347748       2.93533874    
   9.31789589       13.1932249    
   17.4520912       16.5027943    
   13.1466961       10.2889271    
   6.68853188       3.57307744    
   1.84793079       1.06899965    
   15.3067713      0.355648845    
   10.8022871       10.4126406    
   2.50737524       4.09479189    
   9.56363106       4.80921650    
   11.1987200       4.41085100    
   4.83088207      0.501182497    
   3.70543242       20.3336487    
   9.52536869       14.8240499    
   6.66275501       13.6302357    
   8.14160156       14.2024870    
   2.18699813      0.956367612    
   17.8087101       6.31610394    
   10.0484934       15.0262175    
   13.7725267       7.55102730    
   8.20718098       19.2423859    
   9.92734051       5.06476974    
   16.2578545       13.8739357    
   16.2156334       19.2948990    
   15.4718313       5.26501083    
  0.688665211       2.16534615    
   19.3190365       15.3289280    
   9.11985397       16.5171719    
   7.64409828       18.8728523    
   4.64099741       3.07528949    
 -0.578221142       13.4694223    
   15.2949486       5.79032326    
   10.3616085       11.3665962    
   16.7258720       2.93198681    
   10.2626534       18.7173595    
   21.1843700       3.32371950    
   16.0160503       9.05677319    
   10.0213709       1.26013041    
   17.9243183       11.9891167    
   4.08715868       9.06842422    
   13.2845325       18.9142361    
   1.46130574       15.4893970    
   10.7619972       20.2562027    
   3.52009869       15.0093737    
   10.2058086       9.44951248    
 -0.941594839       3.13199377    
   9.55536461       7.21291208    
   12.4474583       17.2043018    
   18.5202103       13.8218002    
   9.35499668       12.6323023    
   5.55063868       15.7598867    
   3.75494313       8.57418346    
   3.10005689       20.4615135    
  0.535063803       15.5135393    
   17.1803856       8.50425720    
   9.79663563      0.331697524    
   18.8574409       8.40067005    
   4.92622423       2.19548273    
   2.18910241       4.17806005    
