   17.7757301       12.3034220    
   6.24431753       12.5673790    
   10.8551655       9.79893494    
   15.0870771       14.2176085    
   8.43405819       20.2872620    
   5.23019314      0.683637500    
   2.36363292       2.71909618    
   9.17895603       8.67708302    
   1.27606535       2.47586870    
   15.0566406       15.5048332    
  0.689975083       9.30199432    
   12.3634758       13.8382626    
   10.3865385       8.25316715    
   13.6647978       5.55257416    
   2.76720285     -0.934824646    
   4.02957487       1.22057557    
   18.1254120      0.471194535    
   5.31107187       10.0612135    
   7.11300516       19.7991333    
   16.7829132       14.4072847    
   14.8177385       2.95118952    
   13.2702141       14.3189640    
  0.788038969     -0.674051940    
   9.26413727       16.8452320    
   13.0420685       17.7761631    
   9.36979961       20.8122635    
   2.47173619      0.364862323    
 -0.183950439       20.8292637    
   13.5180006       5.24877310    
   14.4139614       11.2300377    
 -0.850462735       12.3754625    
   3.19089627       17.6542301    
   10.5279837       9.12082481    
   2.48697996       14.3599892    
 -0.418907374       3.03736639    
   4.82945395       17.4342270    
   17.3196526       15.0652199    
   17.9451237       1.87327337    
   8.52271748       19.4997215    
   4.68088722       18.6675529    
   9.74403095       12.4828405    
  0.471611559       2.97787380    
   8.97691250       13.0429945    
   17.2124634       15.7247829    
   13.4094868       10.4348650    
   7.86105394       3.90809608    
   2.61751580       1.14633203    
   16.0017452       1.05313158    
   10.5888405       10.4719324    
   1.39591122       3.76558661    
   9.78333473       5.07387257    
   11.4091311       6.07896137    
   3.92796183     -0.747072935    
   3.87063622       19.5499058    
   8.76765347       14.3156643    
   6.78564024       14.5341740    
   8.90929031       13.6821003    
   2.44231153      0.616952360    
   17.6634731       6.49757528    
   10.2056551       14.6486702    
   13.4231386       7.78175926    
   7.46501207       18.7000465    
   9.49951458       4.59962559    
   16.3978920       13.5718594    
   17.3549576       19.5397434    
   16.0505104       5.39673805    
  0.493373245       2.33453178    
   19.9224854       16.3715763    
   9.74308395       15.5811806    
   7.40411663       18.0391579    
   3.47421169       2.99020624    
  0.662235856       12.4608660    
   15.2914314       6.44221544    
   11.4436455       10.1414623    
   16.3031368       3.09450769    
   11.2463160       18.7491703    
   20.3768291       3.15564609    
   15.2537479       9.47647572    
   9.59875679       2.25876760    
   18.1686401       12.1822033    
   3.96821308       7.69824648    
   14.5093126       18.6142159    
   1.50466943       15.4978724    
   11.2660770       20.0978374    
   3.31386614       14.2979250    
   10.4793291       10.1134768    
  -1.18295443       3.29120898    
   9.14915657       6.50453091    
   12.4086990       16.4801311    
   18.6353359       13.5545034    
   9.92750454       12.9813175    
   5.41216612       16.0716858    
   3.95083213       8.72377014    
   3.68411994       20.9946823    
  0.861593664       15.7738733    
   16.8641949       8.80045033    
   9.77885342      0.787497044    
   19.4090137       8.79866219    
   3.43272710       1.55864096    
   2.32064772       4.32317638    
