   16.9325695       6.19484615    
   4.24730730       12.6501064    
   11.4908342       10.6487513    
   6.87358856      0.130782023    
   8.78748131       14.3200159    
   15.8312521       16.0978203    
   12.5338869       8.05807400    
   13.2829304       7.91396618    
   9.47185326       5.06735992    
   15.7347374       5.90830135    
   5.50658035       15.4872456    
   14.8005199       10.7789116    
   7.06637526       11.7026196    
   2.69542003       13.9633417    
   11.5306530      0.980005205    
   2.11682534       13.3667049    
  0.763763547      0.945783794    
   14.2247744       18.2289925    
   7.29934645       4.97726107    
   2.74550176       18.3761139    
   14.6427727       19.8726788    
   7.91186666       7.27669895E-02
   14.2208567       12.2705421    
   8.37166786       2.25391388    
   7.74317169       10.3552656    
   11.9976788       1.05457675    
   8.85673046       12.2065725    
   3.71670175       11.1802044    
   1.06817293       11.1173544    
   13.6748934       13.6122179    
   19.4292412       11.4590492    
   11.5167208       7.48634005    
   12.5791197       6.70788956    
  -7.12281093E-02   11.9970236    
   4.00598955       6.04995537    
   4.47617388       6.84135246    
   4.56726885       14.4825230    
   2.41478920       16.1672096    
   4.46522999       5.81658745    
   4.46673155       4.20053768    
   4.47460890       10.2929630    
   16.6865025       20.7493000    
   7.96316338       2.19347572    
   19.8914700       11.4228182    
   13.7511873       3.16459060    
   1.74559009       13.3684673    
   7.26860762       5.97940207    
   5.87940359       19.1310768    
   9.82639408       4.68735123    
   10.4234858       11.5936623    
   9.67115211       1.24579632    
   19.8139801       15.4871340    
   6.65654087       7.40556860    
   10.1013279       19.5148678    
  -8.55583772E-02 -0.425907135    
   6.00105190       8.87868309    
   2.07987618       11.9955788    
   12.5357647       6.35451841    
   19.0073242       7.21970892    
   11.5172024       22.6857281    
   19.9641247       6.47748995    
   6.53747129       1.88979733    
   2.56673741       10.8236780    
   16.7180996       2.71257973    
   14.5838938       5.07479668    
 -0.339085966       2.14996767    
   4.52942228       9.17948723    
   17.2347240       10.1017971    
   23.9296589      0.849177897    
   7.78625393       6.11537409    
   16.1214867       9.94731140    
   2.61838651       8.71973515    
   8.58710289       18.8054810    
   16.0653210       2.58751130    
   12.5634508       20.0849743    
   9.11166477       14.0993624    
 -0.239540935      -2.30638719    
   8.93209362       3.37238646    
   6.52067137       13.9950800    
   4.43986368       15.6095047    
   15.8816595       17.8561516    
   1.75217128       7.25892735    
  0.200234398       15.7933264    
   9.67399597       9.17541504    
   17.4447536       11.2792501    
   2.00952983       11.7854986    
   17.6674080       22.8775539    
   5.11034346      0.830815971    
   7.22499228       1.76019490    
   20.9595509       14.5111074    
   7.44071081E-02   19.7799969    
  0.567221940       5.35919333    
   11.6306629       3.99681902    
   4.14097357       3.98065257    
   4.91916847       19.2032127    
   8.32805061       7.55206347    
   4.87522173       12.2465963    
   3.73247361       11.8218012    
   16.4441586       13.0790062    
   5.06203604       3.07544374    
