   15.6705017       4.66426134    
   2.65026832       12.2372828    
   13.0281086       10.5836363    
   5.22351933      0.860823691    
   10.6282263       14.7804499    
   15.2985973       16.0768757    
   10.3112955       6.90849304    
   12.9510784       5.05065966    
   3.88825655       3.98098302    
   16.5951157       7.10876989    
   6.94340754       16.0032501    
   14.6900082       10.5888004    
   6.42405653       11.8252916    
   2.78034115       13.9509459    
   11.7828188      0.840453863    
   3.35594773       13.7267208    
   2.46348834       1.33316493    
   13.4000378       17.3859043    
   10.1440811       6.75607395    
   2.91618872       16.7787933    
   14.6538610       17.4096165    
   6.57981586      -1.30041313    
   15.7833900       11.7171373    
   10.4043055      0.527953684    
   7.07151890       8.77856445    
   12.7181063       1.55128026    
   8.97306728       12.5075579    
   4.01105499       10.9175787    
  0.854396343       12.6131535    
   13.1259451       16.0608597    
   18.5205669       9.35400009    
   8.36732197       7.28617716    
   12.7030230       3.74117970    
  0.711558044       11.2989521    
   2.51054215       5.38797808    
   3.92744899       6.67904615    
   5.13105774       16.5099773    
   2.54355812       18.4359608    
   6.79352903       2.93114495    
   1.91463017       1.17170990    
   5.11133480       9.74838734    
   16.5480099       20.6357346    
   6.22885704       2.50108051    
   18.0644569       9.15877914    
   13.9857702       2.59466195    
   1.39847386       14.3479958    
   9.75421810       6.20398521    
   6.84922886       19.5566330    
   10.8293276       4.79361200    
   11.9776897       10.2518921    
   7.91694117      0.825939476    
   16.4401073       15.0616426    
   8.24348164       9.21062183    
   7.87370443       18.9337978    
 -0.170826867      0.338789225    
   5.11968660       8.06998158    
   3.51794934       8.18596935    
   14.9444256       7.75863791    
   19.6096249       7.59102821    
   13.5336952       19.6432190    
   18.1045494       8.10341167    
   3.58939362      0.821269333    
   1.48690701       8.29186058    
   15.2774525       4.33567333    
   15.5590363       6.31598091    
  0.878359318       2.17621636    
   4.94546223       9.36221790    
   17.1241875       12.0890169    
   19.6901150     -0.233777851    
   6.00841236       5.65677166    
   15.2121248       10.3844671    
   2.08225083       9.84131813    
   9.41102600       16.4911327    
   18.5789471       3.40508103    
   13.1993990       19.0488377    
   6.35368061       12.2967663    
 -0.589402795      -1.19522679    
   10.5137987       5.16650867    
   5.17697430       14.6716805    
   2.44716668       16.9413414    
   15.7793207       18.1062412    
  0.919186175       6.52540684    
  0.202324197       13.0826941    
   12.2426071       9.48495197    
   13.1587038       9.58286953    
 -0.387091011       10.2771072    
   15.5477400       20.0306568    
   3.91605902       3.37444139    
   10.1186457       1.14403546    
   17.5022259       16.2019901    
  0.635559618       20.5082417    
  0.118864976       5.56675863    
   10.8048573       5.13834572    
   3.43294120       1.82397401    
   2.62486792       19.5882435    
   10.4893513       4.32360315    
   3.81930900       10.4057674    
   4.80483389       11.6620865    
   14.6503468       13.4518042    
   7.25590420       5.25214195    
