   18.3414803       13.3653355    
   5.23100138       12.8465891    
   10.2998886       11.3920832    
   12.6553564       12.5713797    
   7.74596119       22.7428360    
   5.79697990       1.25493395    
   1.06724143       3.51517844    
   9.32961750       7.14084864    
 -0.324376762       1.57306206    
   14.6405420       13.4568977    
   2.72512460       7.98515463    
   11.7117167       14.2037668    
   9.26814079       7.37058115    
   16.4653416       3.15945911    
   5.21305323       2.94870281    
   1.47602093      0.755514860    
   18.3276291       1.49844193    
   5.51450634       10.7389774    
   7.61705780       21.3691807    
   15.9210119       10.9953489    
   15.8797874       1.84517384    
   15.3241014       11.9040089    
  0.670936763     -0.379327416    
   8.17139912       17.8616276    
   10.9009943       20.8675404    
   9.81925583       22.5234203    
   3.83269310      -2.48108840    
   1.35774541       18.9343834    
   13.1349745       4.90299892    
   15.9925261       12.4755459    
  -1.31169772       8.96061707    
  0.588684976       15.7827673    
   9.57102203       6.41017723    
   1.11981547       15.9091330    
  -1.21229243       2.30004668    
   2.45211959       14.0966616    
   18.2013721       15.0680799    
   19.2890301       2.15826249    
   8.46532059       18.9044151    
   3.89172220       18.5456123    
   9.64967632       13.4959717    
  -7.09183514E-02   3.97269011    
   10.4401827       10.7949343    
   16.9902191       14.5403795    
   14.5514784       10.1158037    
   4.15167952      0.684197962    
 -0.504261255      -2.19154859    
   17.6758270     -0.773785233    
   9.35210705       11.0420618    
  0.773156404       5.42656040    
   12.3778286       2.72459769    
   11.0573215       3.45536828    
   6.29794979      0.551552236    
   3.67828894       18.8080788    
   8.55616760       16.4353619    
   5.25476646       13.1328888    
   6.86694384       15.2941437    
   1.63171470       3.29120636    
   18.5417690       4.03033066    
   9.71714020       14.6447926    
   17.2302742       9.38154411    
   8.40484619       17.0484085    
   13.1266899       1.96890903    
   18.1415501       11.1735439    
   18.0742226       17.6209583    
   13.9626322       8.08297157    
   1.13391745       4.39229345    
   20.6047592       15.2926254    
   9.42459774       14.7608137    
   8.45605278       20.1531467    
   4.68465090       1.72003376    
 -0.503771365       14.9273911    
   17.1659889       5.60839653    
   11.6034355       10.8074875    
   17.9367237      -1.88580155    
   11.3411589       17.6209431    
   20.4508171       1.57320881    
   14.3478165       10.3082981    
   10.6949205     -0.791123569    
   16.8745060       11.6711683    
   3.48038602       12.7433167    
   15.2970009       17.3084526    
   3.66638637       13.8280001    
   11.3887520       18.0054302    
   2.37879658       16.2058563    
   11.2831631       8.97559738    
  0.690267622       1.01802981    
   8.77919865       10.6521568    
   12.6262569       17.1341209    
   15.7313738       14.4182663    
   10.3601141       13.0103064    
   4.81442404       17.2037716    
   6.53940058       10.9704075    
   5.66875315       22.1680794    
   1.48695946       16.9458485    
   17.8090591       8.18415928    
   9.31727886      0.932712376    
   16.4612370       7.25173473    
   3.35481286      0.987712622    
   1.95050919       4.80028391    
