   17.0405121       13.1126184    
   6.99703407       12.0068426    
   9.47540474       10.2855873    
   14.3116226       12.2063646    
   7.82887650       20.5923157    
   5.46176291       2.56448555    
   1.16918218       3.53907228    
   8.67465305       7.45070648    
  0.726442456       1.27189267    
   13.7599554       14.4475641    
   1.76652932       8.44289589    
   12.1258202       14.0275936    
   11.2622509       7.56752062    
   14.7964602       3.49697065    
   5.32031631      0.261231542    
   2.60726094      0.238957316    
   19.4310856       1.92363477    
   4.61844635       9.87311077    
   7.14485025       20.1640720    
   15.6554184       11.9369564    
   15.2501049       3.32892728    
   14.3955164       11.7230215    
   2.52490592      -2.02976418    
   9.16963196       17.4261303    
   13.2554779       19.0211906    
   9.01613235       21.6631584    
   3.53435254     -0.959752798    
   1.09664357       20.4306335    
   15.2795849       6.37004614    
   15.4372110       12.9406157    
  -1.67623055       9.75529099    
   2.08314109       16.0640011    
   10.8546906       7.14194870    
   2.84683084       15.6485214    
 -0.778063536       1.69884646    
   2.87417626       15.0009413    
   17.3613892       14.3520699    
   18.3121052       4.28535318    
   7.96508789       18.4782619    
   4.51513100       17.2164860    
   9.94185352       13.4693708    
 -0.650440335       3.21233368    
   9.71108341       13.6874304    
   16.7031651       16.3961983    
   13.7034750       9.60278225    
   4.29601860       1.82257283    
  0.571481705     -0.430358082    
   17.0973682      -1.13193953    
   10.6302004       12.1006241    
   2.71575332       4.74354839    
   10.6355820       3.71039677    
   10.3357992       3.57671547    
   6.24503565      0.414542109    
   4.08096409       19.0774326    
   8.75579929       15.0346813    
   6.48777103       15.1682205    
   6.73271847       15.3405447    
   2.30516362       2.74273992    
   18.0891266       5.01074028    
   10.9959822       14.7099285    
   15.6610880       8.91753960    
   8.69112110       17.6850300    
   10.6898432       4.30939007    
   18.2309933       13.0886164    
   17.8088150       20.0613499    
   14.2772379       6.30943060    
   2.81524825       3.36338615    
   18.6659107       15.0103445    
   8.97857952       14.7027302    
   7.90203190       20.6028614    
   5.39776278       2.06003332    
  -1.08919001       15.5665398    
   14.9781017       5.00774479    
   11.1882114       11.6351013    
   17.4986382       1.11503351    
   11.6955490       19.2100868    
   20.1049862       3.62282920    
   16.9149609       9.68455315    
   11.2305946     -0.213224337    
   16.9103012       11.0478640    
   3.21071601       10.8983145    
   14.9634075       18.0671864    
   2.46377945       13.0177212    
   10.6260300       18.4026356    
   4.33874464       15.7334270    
   10.1559610       9.28051090    
  -1.26772487       2.68929601    
   9.06420326       8.65816307    
   12.8693981       17.1482010    
   17.2622318       14.2606583    
   10.2605257       13.6312933    
   5.70849133       15.2658291    
   5.15865898       9.42171001    
   3.81537938       21.8313446    
   2.46542907       16.3690491    
   16.4161205       8.72568321    
   8.42996979       1.26519120    
   17.8329105       8.53051758    
   4.40369368       1.54693198    
   3.29269218       4.67227840    
