   18.2542000       13.1187449    
   6.00773144       11.0130987    
   10.3460455       10.1830950    
   13.5393829       12.8094769    
   7.63096905       20.7626057    
   5.66118670       1.56026554    
   1.55893588       3.68533015    
   8.63073730       7.52517223    
  0.602658093       1.39633727    
   14.9645967       14.5167913    
   3.16521740       8.58711720    
   11.8962469       13.9294214    
   9.95390701       6.79849720    
   16.4719028       3.28241467    
   5.15081120       1.54104674    
   2.13951850      0.796967566    
   18.3833733       1.95861125    
   5.92018366       11.1483011    
   7.42014599       20.3687458    
   16.7036304       11.9074345    
   16.1258621       2.49839425    
   14.4282408       11.9373026    
   1.83692968     -0.854686081    
   7.65839720       18.2244186    
   12.3323221       19.3798676    
   8.40144634       22.5549774    
   3.55743647     -0.607482493    
   1.47789943       19.6734161    
   14.2934875       6.36462498    
   16.1414642       12.9691963    
  -1.57715690       10.2494650    
  -9.89822671E-03   15.1152048    
   9.71042633       6.91650963    
   3.13171768       16.0776920    
  -1.35645974       2.66437912    
   2.40196729       15.1727295    
   17.3938522       13.9902916    
   17.9881058       3.73376775    
   7.98397732       18.3668175    
   4.28847647       17.7225761    
   9.98209858       13.2136517    
  -6.08041883E-02   3.96032643    
   10.5064287       12.0632439    
   15.8155785       15.1537933    
   13.9994307       10.1910648    
   4.59534168       1.79859424    
  0.736065388      -1.67043340    
   16.9363937      -1.26924908    
   10.3944798       12.0102882    
   1.72670925       4.72470617    
   11.5679560       2.38028789    
   10.1600428       3.26982617    
   5.64410305      0.755425811    
   2.96890926       18.8882370    
   8.25879383       16.0639572    
   6.22954893       14.5296078    
   7.49941063       15.6990566    
   2.24687886       3.63038063    
   17.9475632       4.89506435    
   10.6851673       15.0202246    
   17.2582474       8.84388065    
   9.44183922       17.6696377    
   11.9357061       3.60578823    
   17.7581291       12.1367064    
   19.1252193       18.3111706    
   13.9336309       7.50296640    
   3.17156219       4.44066858    
   19.1499233       14.8392401    
   9.49174976       15.1917515    
   8.55186367       20.8619785    
   4.57105923       2.78185177    
  -1.44608569       15.3796787    
   16.1642780       5.09787369    
   12.4746618       12.0218248    
   18.0859337       2.44976934E-02
   10.9088717       19.1758308    
   20.0734558       3.00781083    
   15.7812481       9.77585220    
   10.7336416     -0.824789762    
   16.7272663       11.8724928    
   2.92705655       12.1505079    
   14.9538307       17.4339027    
   3.82699943       13.1813755    
   11.5051422       18.3073406    
   3.47878218       16.4454918    
   10.3672285       8.94442940    
   1.22801363E-02   1.40293896    
   9.11104774       10.2795963    
   12.4077950       16.7426052    
   16.9033928       14.3674917    
   9.72542191       13.3552628    
   5.24408436       16.2436829    
   5.74945021       10.3292112    
   4.95918846       23.1573563    
   2.54558039       16.5530415    
   16.9115829       8.27501297    
   8.98294640      0.724660218    
   17.5893974       8.60591602    
   2.82960367       1.11893439    
   2.25095940       5.01299429    
