   17.5020008       12.0779619    
   6.50329971       13.0209656    
   11.1821880       9.83631897    
   14.7893972       14.2110834    
   8.19496155       19.7989521    
   5.08687019      0.627081513    
   1.81519306       2.20786190    
   8.40735817       8.72457123    
   1.59953296       2.66519976    
   14.8570194       15.3010645    
   4.50219698E-02   9.54111767    
   12.6003790       13.4823380    
   10.4528170       8.21895790    
   13.6549244       5.29921103    
   3.88710475     -0.336812347    
   3.72666812      0.960650742    
   18.2187099      0.227553964    
   5.29200172       10.5128412    
   7.21243048       19.1831551    
   17.0773487       14.0422020    
   14.9858046       3.49855232    
   13.7720804       13.7523079    
   1.60053957     -0.919317007    
   9.08812332       16.7654915    
   13.7516336       17.8863125    
   9.58590221       20.2405338    
   3.00481391      0.154187903    
 -0.283107907       20.1816158    
   12.6266928       5.54091930    
   14.6737194       11.4844265    
 -0.990774870       12.6349325    
   2.99249697       17.5224495    
   10.8815155       9.60618019    
   2.48104978       14.4205914    
  -1.08750963       2.12533641    
   4.60645914       17.2644691    
   16.7005348       14.4619865    
   17.4420261       3.17613697    
   8.30139065       19.5658665    
   4.61355495       17.9752789    
   9.69541073       12.7640791    
  0.454765350       2.69315290    
   9.68497467       13.4674616    
   17.2645950       16.0205460    
   13.5926523       10.0540628    
   7.65472412       3.73604155    
   2.37546730       1.23705590    
   15.2814331      0.854584932    
   11.0275612       10.7163506    
   1.76466024       4.08903694    
   10.0564156       5.30121994    
   10.8033876       4.89862537    
   4.76727772       3.35882232E-03
   3.32944107       20.1520367    
   9.24993324       14.7051382    
   6.72640800       14.1203279    
   8.19792080       13.8562107    
   1.94193602      0.843993127    
   17.4899368       6.08686352    
   10.2208252       15.0589628    
   13.5278196       7.62409496    
   7.99019289       19.5475826    
   9.61681271       5.43297911    
   16.5186424       13.9403896    
   16.3513336       19.0798016    
   15.6704321       5.37057114    
 -0.136480868       2.44623327    
   19.6689167       15.6667500    
   9.37458706       15.6465883    
   7.42533922       18.3301430    
   4.16092825       2.92947745    
  -7.38707855E-02   13.0906401    
   15.3631859       6.16723633    
   10.5900011       10.5115461    
   16.1574211       2.87615538    
   10.6974916       19.1812000    
   20.8786526       3.43576431    
   15.6595392       9.23711014    
   10.0804806       1.96166098    
   18.4771557       12.5117912    
   4.26744509       7.96011543    
   13.6697521       19.0840034    
   1.40488064       15.0995836    
   11.1148920       20.3829155    
   3.34968638       14.9547415    
   10.1268091       9.88099480    
 -0.589803934       3.03479552    
   9.33383083       6.90984964    
   12.2952785       16.9268627    
   18.4367409       13.9650249    
   8.88225460       12.3636675    
   5.18477201       15.8309307    
   3.67948437       8.77002430    
   3.23733735       21.0212994    
  0.755408347       15.4529629    
   17.3102455       8.47792912    
   9.58117771      0.377707213    
   19.7933197       9.04204941    
   4.43751526       1.68088663    
   2.38603425       3.54634833    
