   17.1876316       12.3455029    
   5.78980541       11.1230316    
   10.3243399       11.0721798    
   14.2975569       12.9963055    
   7.97864962       21.5645370    
   6.32344341       1.77151155    
   1.57544911       3.89260483    
   9.04354954       7.48185539    
  0.668671668       1.93158710    
   15.0307074       14.8639431    
   2.53776264       8.46873283    
   12.1358147       14.3639641    
   9.35127068       6.66475296    
   15.6222210       3.10537672    
   4.98207283       1.70212436    
   1.80599141       1.34820068    
   19.1415291       1.54399288    
   6.45618725       11.1031504    
   7.22863197       20.6737175    
   16.1547318       11.8556757    
   15.1906166       1.95770466    
   14.8892736       12.4742832    
   1.19717693      -1.17032504    
   8.24859333       18.8652935    
   12.1502142       19.2364464    
   9.24065685       22.6867580    
   3.46939278      -1.08541465    
  0.950701356       19.0194454    
   14.2394848       5.56233788    
   15.6565514       12.6897917    
  -1.68417764       9.99053383    
 -0.132478908       14.8942766    
   9.77421093       7.42762709    
   2.16031718       15.7203684    
  -1.79584420       1.90857172    
   1.72885466       14.8368397    
   17.1268845       14.2197275    
   18.7181168       3.01438928    
   8.23125935       18.6536140    
   3.83622670       17.8857803    
   9.95930672       13.8278713    
 -0.354079038       4.78717566    
   10.6283941       12.7304926    
   16.7658577       15.2992706    
   13.8325691       10.7574282    
   4.45219755       1.65214109    
  0.165739954      -2.09508061    
   17.0594330      -1.12186027    
   10.0781345       11.7230539    
   1.24125695       4.39668036    
   11.5001717       2.28375626    
   10.5084810       3.07401085    
   5.42778921      -9.63102281E-02
   3.12025499       17.8547306    
   8.13134575       16.7092762    
   6.13602066       14.1822147    
   7.51557159       15.7719164    
   1.95126104       3.01768875    
   18.7510338       4.77850246    
   9.92025471       15.3852968    
   17.4046154       8.61303520    
   8.91516876       17.5736160    
   12.2058496       2.66962790    
   17.5549965       11.5474901    
   18.6373653       17.9109936    
   13.5467806       7.68397474    
   1.95307541       4.62662506    
   19.5018730       14.9726095    
   9.17894554       15.0746250    
   8.60276604       20.4017620    
   4.96262980       2.33262897    
  -1.24097395       15.1616087    
   16.3421650       4.96572399    
   11.7853813       11.4170990    
   18.3960476     -0.300767243    
   10.2637358       18.3947754    
   19.4290028       2.12131643    
   15.8948393       8.92431259    
   10.7379618      -1.03375447    
   16.6209221       11.3887377    
   3.03599787       12.3874292    
   15.1787910       17.4849129    
   3.65073204       13.4890308    
   11.8081903       18.4432831    
   2.92772460       16.9407291    
   10.8830042       9.24149418    
  -1.42773669E-02   1.62693846    
   8.41268921       10.2569742    
   12.8835926       16.6154194    
   16.3697815       14.1303530    
   10.2933064       13.7232342    
   4.80712414       16.2539062    
   5.48601532       10.3353176    
   5.17062664       22.4335899    
   1.93140185       16.5529728    
   17.4712448       8.46865082    
   9.02639008      0.791144431    
   16.9395351       7.40378237    
   2.41147518       1.18466663    
   2.66138077       5.50618458    
